%OpenBCI Raw EEG Data
%
%Sample Rate = 250.0 Hz
%First Column = SampleIndex
%Other Columns = EEG data in microvolts
0, -39.12, 0.00
1, 263.82, 0.00
2, 160.04, 0.00
3, -287.82, 0.00
4, -42.94, 0.00
5, 120.30, 0.00
6, 147.72, 0.00
7, -4.52, 0.00
8, 262.81, 0.00
9, -31.87, 0.00
10, -51.43, 0.00
11, 27.14, 0.00
12, -190.66, 0.00
13, -31.16, 0.00
14, 78.61, 0.00
15, -57.94, 0.00
16, -60.13, 0.00
17, 300.54, 0.00
18, -27.67, 0.00
19, 88.13, 0.00
20, 148.35, 0.00
21, -64.19, 0.00
22, 84.82, 0.00
23, 190.55, 0.00
24, 21.12, 0.00
25, 4.38, 0.00
26, 10.28, 0.00
27, 112.43, 0.00
28, -32.30, 0.00
29, 78.39, 0.00
30, 51.74, 0.00
31, 79.80, 0.00
32, 66.79, 0.00
33, 133.06, 0.00
34, -91.13, 0.00
35, -172.24, 0.00
36, 73.56, 0.00
37, 66.90, 0.00
38, -22.35, 0.00
39, 75.48, 0.00
40, 123.87, 0.00
41, 123.94, 0.00
42, -172.69, 0.00
43, 145.35, 0.00
44, -70.94, 0.00
45, 109.08, 0.00
46, -164.13, 0.00
47, -71.97, 0.00
48, 96.65, 0.00
49, -98.01, 0.00
50, -34.58, 0.00
51, -57.29, 0.00
52, 19.67, 0.00
53, 32.10, 0.00
54, -54.31, 0.00
55, 35.74, 0.00
56, 71.26, 0.00
57, -75.17, 0.00
58, 45.62, 0.00
59, 6.44, 0.00
60, -147.95, 0.00
61, -55.83, 0.00
62, -79.75, 0.00
63, -19.65, 0.00
64, -37.44, 0.00
65, -2.59, 0.00
66, 81.00, 0.00
67, -70.74, 0.00
68, -80.96, 0.00
69, 114.58, 0.00
70, -179.80, 0.00
71, -87.71, 0.00
72, -139.21, 0.00
73, -59.01, 0.00
74, 18.73, 0.00
75, 45.58, 0.00
76, -320.88, 0.00
77, -33.30, 0.00
78, -34.40, 0.00
79, -44.77, 0.00
80, -159.39, 0.00
81, -84.22, 0.00
82, -95.20, 0.00
83, 46.22, 0.00
84, -51.90, 0.00
85, -36.01, 0.00
86, -96.81, 0.00
87, 28.10, 0.00
88, -67.37, 0.00
89, 102.37, 0.00
90, -56.51, 0.00
91, 11.29, 0.00
92, 160.53, 0.00
93, -84.80, 0.00
94, 60.68, 0.00
95, 12.56, 0.00
96, 63.03, 0.00
97, 144.48, 0.00
98, 86.48, 0.00
99, 63.28, 0.00
100, -161.27, 0.00
101, 182.99, 0.00
102, 65.65, 0.00
103, -31.18, 0.00
104, -33.46, 0.00
105, -46.18, 0.00
106, -161.22, 0.00
107, -51.30, 0.00
108, -75.39, 0.00
109, -174.16, 0.00
110, -199.29, 0.00
111, 70.92, 0.00
112, -107.71, 0.00
113, 17.34, 0.00
114, -128.63, 0.00
115, -46.83, 0.00
116, 74.79, 0.00
117, 54.96, 0.00
118, -81.34, 0.00
119, -16.67, 0.00
120, -39.38, 0.00
121, -159.93, 0.00
122, -352.11, 0.00
123, 204.92, 0.00
124, 12.94, 0.00
125, 45.46, 0.00
126, 79.08, 0.00
127, 149.96, 0.00
128, 109.68, 0.00
129, 18.73, 0.00
130, 40.28, 0.00
131, 61.62, 0.00
132, 96.16, 0.00
133, -53.38, 0.00
134, 104.23, 0.00
135, 114.69, 0.00
136, -8.40, 0.00
137, -57.78, 0.00
138, -165.38, 0.00
139, -44.77, 0.00
140, 44.68, 0.00
141, 141.58, 0.00
142, 54.16, 0.00
143, 53.96, 0.00
144, 29.77, 0.00
145, 43.14, 0.00
146, -39.74, 0.00
147, 59.90, 0.00
148, 61.06, 0.00
149, 132.37, 0.00
150, -82.54, 0.00
151, -168.13, 0.00
152, -50.29, 0.00
153, 111.60, 0.00
154, 54.49, 0.00
155, 34.42, 0.00
156, -10.84, 0.00
157, -80.91, 0.00
158, 117.61, 0.00
159, -20.03, 0.00
160, 45.62, 0.00
161, -27.43, 0.00
162, -157.38, 0.00
163, 90.26, 0.00
164, 221.55, 0.00
165, 70.68, 0.00
166, 4.96, 0.00
167, 316.95, 0.00
168, 104.32, 0.00
169, -92.58, 0.00
170, 2.28, 0.00
171, -81.23, 0.00
172, 19.58, 0.00
173, -89.27, 0.00
174, 111.80, 0.00
175, 57.22, 0.00
176, 85.52, 0.00
177, -25.30, 0.00
178, 143.30, 0.00
179, 35.25, 0.00
180, -55.52, 0.00
181, 102.62, 0.00
182, -49.93, 0.00
183, 181.38, 0.00
184, 2.30, 0.00
185, 70.86, 0.00
186, -142.45, 0.00
187, 26.44, 0.00
188, -89.65, 0.00
189, -111.87, 0.00
190, -17.81, 0.00
191, 363.01, 0.00
192, -189.99, 0.00
193, -250.07, 0.00
194, -72.17, 0.00
195, -7.69, 0.00
196, 106.57, 0.00
197, -16.56, 0.00
198, -118.24, 0.00
199, 198.22, 0.00
200, -7.96, 0.00
201, -96.34, 0.00
202, 68.64, 0.00
203, 81.23, 0.00
204, -75.37, 0.00
205, -81.72, 0.00
206, -6.86, 0.00
207, -27.31, 0.00
208, 54.61, 0.00
209, -26.80, 0.00
210, -188.74, 0.00
211, 242.36, 0.00
212, 6.97, 0.00
213, -24.54, 0.00
214, -98.39, 0.00
215, -75.62, 0.00
216, -16.38, 0.00
217, -146.99, 0.00
218, 5.59, 0.00
219, -216.70, 0.00
220, -42.49, 0.00
221, -65.24, 0.00
222, -78.28, 0.00
223, 144.77, 0.00
224, -77.27, 0.00
225, 97.30, 0.00
226, -101.70, 0.00
227, -72.46, 0.00
228, -55.10, 0.00
229, -37.91, 0.00
230, -130.24, 0.00
231, 206.02, 0.00
232, 59.93, 0.00
233, -34.24, 0.00
234, 142.65, 0.00
235, 152.01, 0.00
236, -78.50, 0.00
237, 0.74, 0.00
238, 89.05, 0.00
239, 25.44, 0.00
240, 130.62, 0.00
241, -77.99, 0.00
242, 95.35, 0.00
243, -73.40, 0.00
244, -242.65, 0.00
245, -1.61, 0.00
246, 77.76, 0.00
247, 47.27, 0.00
248, 12.07, 0.00
249, 20.83, 0.00
250, 18.26, 0.00
251, -155.43, 0.00
252, -62.41, 0.00
253, -135.12, 0.00
254, -14.71, 0.00
255, -23.02, 0.00
256, -63.46, 0.00
257, -14.51, 0.00
258, -184.31, 0.00
259, -175.42, 0.00
260, 101.97, 0.00
261, 87.08, 0.00
262, 48.75, 0.00
263, -21.14, 0.00
264, -22.71, 0.00
265, -88.47, 0.00
266, 81.03, 0.00
267, 45.13, 0.00
268, 89.65, 0.00
269, -3.02, 0.00
270, 158.81, 0.00
271, -7.22, 0.00
272, 40.01, 0.00
273, 60.01, 0.00
274, -262.88, 0.00
275, -47.54, 0.00
276, 23.04, 0.00
277, -86.30, 0.00
278, -29.44, 0.00
279, 27.00, 0.00
280, 121.19, 0.00
281, -85.52, 0.00
282, 16.09, 0.00
283, -101.97, 0.00
284, -61.11, 0.00
285, 199.04, 0.00
286, 57.53, 0.00
287, -211.63, 0.00
288, -8.38, 0.00
289, 52.15, 0.00
290, 19.60, 0.00
291, -6.50, 0.00
292, -84.29, 0.00
293, -95.67, 0.00
294, -23.67, 0.00
295, 23.11, 0.00
296, 15.42, 0.00
297, -36.77, 0.00
298, 49.93, 0.00
299, 172.40, 0.00
300, 86.19, 0.00
301, 26.17, 0.00
302, -54.18, 0.00
303, 36.66, 0.00
304, 25.03, 0.00
305, -30.87, 0.00
306, 58.65, 0.00
307, 28.95, 0.00
308, -113.57, 0.00
309, -185.45, 0.00
310, -19.47, 0.00
311, 116.61, 0.00
312, 51.63, 0.00
313, -4.76, 0.00
314, 5.43, 0.00
315, -43.18, 0.00
316, 104.92, 0.00
317, -53.78, 0.00
318, -101.41, 0.00
319, 9.37, 0.00
320, 113.35, 0.00
321, -26.71, 0.00
322, -33.71, 0.00
323, -279.69, 0.00
324, -69.45, 0.00
325, 94.03, 0.00
326, 104.36, 0.00
327, 117.06, 0.00
328, 41.02, 0.00
329, -94.88, 0.00
330, 149.53, 0.00
331, -90.68, 0.00
332, -90.99, 0.00
333, -24.86, 0.00
334, 0.00, 0.00
335, 132.55, 0.00
336, -17.21, 0.00
337, 38.58, 0.00
338, -36.55, 0.00
339, 130.06, 0.00
340, -122.80, 0.00
341, -131.47, 0.00
342, 55.54, 0.00
343, 7.76, 0.00
344, 96.65, 0.00
345, 6.06, 0.00
346, -92.11, 0.00
347, 56.86, 0.00
348, 141.71, 0.00
349, 127.00, 0.00
350, 13.39, 0.00
351, -34.69, 0.00
352, -20.76, 0.00
353, -190.97, 0.00
354, -369.70, 0.00
355, 150.99, 0.00
356, -18.64, 0.00
357, 84.42, 0.00
358, 1.74, 0.00
359, 126.89, 0.00
360, 11.60, 0.00
361, -26.24, 0.00
362, 37.24, 0.00
363, 15.07, 0.00
364, 25.97, 0.00
365, -150.56, 0.00
366, 19.69, 0.00
367, -22.04, 0.00
368, -87.75, 0.00
369, -86.10, 0.00
370, 114.22, 0.00
371, 184.02, 0.00
372, -164.67, 0.00
373, 66.34, 0.00
374, 19.67, 0.00
375, -34.06, 0.00
376, -30.15, 0.00
377, 117.95, 0.00
378, 104.45, 0.00
379, -157.78, 0.00
380, 45.91, 0.00
381, -47.90, 0.00
382, 185.90, 0.00
383, 66.18, 0.00
384, 134.18, 0.00
385, -15.56, 0.00
386, -71.91, 0.00
387, 58.34, 0.00
388, 2.41, 0.00
389, -150.25, 0.00
390, 40.95, 0.00
391, 43.65, 0.00
392, 109.79, 0.00
393, 203.02, 0.00
394, -88.31, 0.00
395, 135.03, 0.00
396, 56.64, 0.00
397, 86.08, 0.00
398, -120.88, 0.00
399, -156.40, 0.00
400, 24.83, 0.00
401, 9.21, 0.00
402, -64.10, 0.00
403, -26.35, 0.00
404, 20.68, 0.00
405, 70.03, 0.00
406, -33.91, 0.00
407, -69.34, 0.00
408, 120.59, 0.00
409, -75.53, 0.00
410, -80.44, 0.00
411, 72.24, 0.00
412, 132.86, 0.00
413, 111.51, 0.00
414, 24.74, 0.00
415, 10.75, 0.00
416, 70.97, 0.00
417, -139.16, 0.00
418, 45.91, 0.00
419, 85.20, 0.00
420, 149.18, 0.00
421, -59.25, 0.00
422, 55.19, 0.00
423, 69.42, 0.00
424, 72.24, 0.00
425, -47.12, 0.00
426, -128.37, 0.00
427, -54.47, 0.00
428, 69.04, 0.00
429, -79.55, 0.00
430, -209.10, 0.00
431, 10.62, 0.00
432, -226.85, 0.00
433, -169.38, 0.00
434, -14.33, 0.00
435, -58.81, 0.00
436, 67.55, 0.00
437, -119.00, 0.00
438, 133.35, 0.00
439, 116.30, 0.00
440, 129.80, 0.00
441, -321.57, 0.00
442, -147.12, 0.00
443, -102.33, 0.00
444, -164.75, 0.00
445, 111.96, 0.00
446, 192.16, 0.00
447, -62.27, 0.00
448, 13.41, 0.00
449, 84.71, 0.00
450, -155.95, 0.00
451, 184.38, 0.00
452, 23.49, 0.00
453, 56.19, 0.00
454, -117.77, 0.00
455, -88.71, 0.00
456, -67.21, 0.00
457, -57.24, 0.00
458, -36.72, 0.00
459, -58.00, 0.00
460, 48.19, 0.00
461, 130.15, 0.00
462, 6.21, 0.00
463, 249.83, 0.00
464, 41.93, 0.00
465, -119.05, 0.00
466, 42.74, 0.00
467, 225.22, 0.00
468, 32.39, 0.00
469, -8.34, 0.00
470, 31.02, 0.00
471, 158.85, 0.00
472, 6.12, 0.00
473, -38.44, 0.00
474, -129.17, 0.00
475, 125.28, 0.00
476, 167.17, 0.00
477, 13.50, 0.00
478, -91.20, 0.00
479, -31.25, 0.00
480, -95.67, 0.00
481, -33.30, 0.00
482, 45.08, 0.00
483, 194.91, 0.00
484, -146.85, 0.00
485, 73.11, 0.00
486, 125.93, 0.00
487, 107.18, 0.00
488, -6.46, 0.00
489, -88.98, 0.00
490, -90.68, 0.00
491, 14.53, 0.00
492, -193.50, 0.00
493, 39.83, 0.00
494, -54.92, 0.00
495, -28.03, 0.00
496, -107.89, 0.00
497, -54.72, 0.00
498, -97.43, 0.00
499, -86.81, 0.00
500, 90.41, 0.00
501, -67.61, 0.00
502, 105.05, 0.00
503, 130.67, 0.00
504, 24.90, 0.00
505, -97.81, 0.00
506, 134.11, 0.00
507, 8.92, 0.00
508, -233.55, 0.00
509, 52.06, 0.00
510, 17.86, 0.00
511, -57.96, 0.00
512, 76.33, 0.00
513, 64.75, 0.00
514, -29.48, 0.00
515, -115.36, 0.00
516, 123.83, 0.00
517, 100.87, 0.00
518, 129.37, 0.00
519, -124.01, 0.00
520, -130.82, 0.00
521, 128.97, 0.00
522, -92.54, 0.00
523, -122.80, 0.00
524, -71.17, 0.00
525, -123.38, 0.00
526, 117.53, 0.00
527, -203.83, 0.00
528, 5.81, 0.00
529, 12.58, 0.00
530, -171.15, 0.00
531, -286.46, 0.00
532, 3.24, 0.00
533, -106.80, 0.00
534, -106.35, 0.00
535, 43.99, 0.00
536, 84.13, 0.00
537, 57.78, 0.00
538, 72.42, 0.00
539, -315.76, 0.00
540, -31.02, 0.00
541, 79.39, 0.00
542, -5.79, 0.00
543, -44.84, 0.00
544, 135.27, 0.00
545, -176.02, 0.00
546, 138.80, 0.00
547, 45.53, 0.00
548, 63.59, 0.00
549, 41.60, 0.00
550, -61.47, 0.00
551, -63.41, 0.00
552, 169.54, 0.00
553, -4.14, 0.00
554, 37.24, 0.00
555, 30.33, 0.00
556, 165.22, 0.00
557, -27.34, 0.00
558, 97.68, 0.00
559, -121.48, 0.00
560, -194.01, 0.00
561, 127.40, 0.00
562, -109.95, 0.00
563, -74.36, 0.00
564, 159.48, 0.00
565, -0.42, 0.00
566, -58.20, 0.00
567, -39.52, 0.00
568, 130.96, 0.00
569, 76.40, 0.00
570, -214.44, 0.00
571, -90.97, 0.00
572, -26.49, 0.00
573, 149.64, 0.00
574, 160.73, 0.00
575, -254.36, 0.00
576, -78.95, 0.00
577, 103.91, 0.00
578, 157.13, 0.00
579, 31.40, 0.00
580, -31.09, 0.00
581, -29.64, 0.00
582, -48.75, 0.00
583, -136.57, 0.00
584, -11.49, 0.00
585, -94.75, 0.00
586, 82.84, 0.00
587, 169.18, 0.00
588, -22.58, 0.00
589, 69.54, 0.00
590, 121.68, 0.00
591, 113.73, 0.00
592, -251.59, 0.00
593, 172.38, 0.00
594, -46.04, 0.00
595, -61.60, 0.00
596, -105.57, 0.00
597, 126.47, 0.00
598, 102.71, 0.00
599, 69.38, 0.00
600, 11.58, 0.00
601, 98.82, 0.00
602, -63.52, 0.00
603, -197.68, 0.00
604, 137.04, 0.00
605, -33.68, 0.00
606, 86.26, 0.00
607, 213.17, 0.00
608, -70.12, 0.00
609, 128.23, 0.00
610, -68.51, 0.00
611, 51.77, 0.00
612, -80.31, 0.00
613, -123.16, 0.00
614, 148.21, 0.00
615, -100.69, 0.00
616, 82.59, 0.00
617, -39.90, 0.00
618, -12.05, 0.00
619, 86.93, 0.00
620, -131.99, 0.00
621, 24.99, 0.00
622, 56.66, 0.00
623, 221.68, 0.00
624, 18.73, 0.00
625, 170.52, 0.00
626, 217.73, 0.00
627, 39.41, 0.00
628, -130.13, 0.00
629, -67.30, 0.00
630, -42.00, 0.00
631, 79.33, 0.00
632, -46.13, 0.00
633, -88.69, 0.00
634, 37.55, 0.00
635, 64.82, 0.00
636, -140.95, 0.00
637, 130.85, 0.00
638, -50.76, 0.00
639, 7.64, 0.00
640, -45.04, 0.00
641, 68.62, 0.00
642, -15.04, 0.00
643, 211.94, 0.00
644, -65.49, 0.00
645, 192.85, 0.00
646, 30.55, 0.00
647, -302.64, 0.00
648, 20.94, 0.00
649, -154.32, 0.00
650, 40.57, 0.00
651, -13.95, 0.00
652, -186.08, 0.00
653, -18.95, 0.00
654, 129.86, 0.00
655, -68.15, 0.00
656, 25.75, 0.00
657, -34.09, 0.00
658, 6.59, 0.00
659, 14.71, 0.00
660, -27.51, 0.00
661, 17.23, 0.00
662, 71.55, 0.00
663, 130.11, 0.00
664, -10.48, 0.00
665, 103.11, 0.00
666, -15.71, 0.00
667, -145.02, 0.00
668, -20.34, 0.00
669, 28.19, 0.00
670, 178.48, 0.00
671, 52.46, 0.00
672, -80.60, 0.00
673, -66.56, 0.00
674, 1.50, 0.00
675, -117.64, 0.00
676, -123.20, 0.00
677, 46.27, 0.00
678, -118.24, 0.00
679, -81.41, 0.00
680, 42.04, 0.00
681, -19.80, 0.00
682, 46.92, 0.00
683, 27.51, 0.00
684, -135.59, 0.00
685, 71.44, 0.00
686, 6.79, 0.00
687, -146.65, 0.00
688, 103.11, 0.00
689, -167.86, 0.00
690, -259.35, 0.00
691, 223.14, 0.00
692, -53.71, 0.00
693, -257.74, 0.00
694, -298.51, 0.00
695, -54.54, 0.00
696, -183.22, 0.00
697, 26.04, 0.00
698, -111.40, 0.00
699, 76.85, 0.00
700, 235.57, 0.00
701, -65.74, 0.00
702, -83.44, 0.00
703, 24.56, 0.00
704, 146.61, 0.00
705, -110.28, 0.00
706, -172.76, 0.00
707, 181.43, 0.00
708, 7.98, 0.00
709, -29.03, 0.00
710, -76.02, 0.00
711, 97.19, 0.00
712, -182.93, 0.00
713, 40.75, 0.00
714, 130.11, 0.00
715, -17.66, 0.00
716, -39.56, 0.00
717, 50.25, 0.00
718, -92.92, 0.00
719, -146.45, 0.00
720, -49.53, 0.00
721, -56.57, 0.00
722, -46.29, 0.00
723, -32.45, 0.00
724, 0.56, 0.00
725, -25.66, 0.00
726, -135.47, 0.00
727, -37.51, 0.00
728, -114.11, 0.00
729, 101.50, 0.00
730, 86.68, 0.00
731, -260.06, 0.00
732, -16.70, 0.00
733, 157.62, 0.00
734, 30.53, 0.00
735, 124.32, 0.00
736, -94.21, 0.00
737, 13.28, 0.00
738, -18.33, 0.00
739, -142.27, 0.00
740, -44.52, 0.00
741, -97.21, 0.00
742, -65.60, 0.00
743, -47.30, 0.00
744, -96.94, 0.00
745, 13.10, 0.00
746, 93.27, 0.00
747, 27.98, 0.00
748, -82.41, 0.00
749, -242.65, 0.00
750, -91.62, 0.00
751, 19.56, 0.00
752, 182.95, 0.00
753, -108.52, 0.00
754, 36.70, 0.00
755, -44.59, 0.00
756, -65.45, 0.00
757, 145.44, 0.00
758, 192.60, 0.00
759, 63.14, 0.00
760, 67.75, 0.00
761, -186.53, 0.00
762, 54.47, 0.00
763, 106.10, 0.00
764, 196.32, 0.00
765, -68.22, 0.00
766, 41.48, 0.00
767, -52.03, 0.00
768, 42.00, 0.00
769, -143.63, 0.00
770, 49.08, 0.00
771, 6.35, 0.00
772, 127.47, 0.00
773, 114.66, 0.00
774, -218.60, 0.00
775, 58.23, 0.00
776, -155.84, 0.00
777, -74.83, 0.00
778, -73.40, 0.00
779, -214.06, 0.00
780, -54.74, 0.00
781, -77.36, 0.00
782, 149.58, 0.00
783, 67.82, 0.00
784, 177.50, 0.00
785, 143.81, 0.00
786, -28.03, 0.00
787, 120.27, 0.00
788, 11.67, 0.00
789, -180.80, 0.00
790, 56.55, 0.00
791, 7.53, 0.00
792, 133.78, 0.00
793, 30.96, 0.00
794, 58.63, 0.00
795, -118.78, 0.00
796, -185.41, 0.00
797, 133.40, 0.00
798, -55.32, 0.00
799, -172.69, 0.00
800, 87.24, 0.00
801, -41.62, 0.00
802, -148.82, 0.00
803, 8.92, 0.00
804, -33.24, 0.00
805, -223.27, 0.00
806, 122.82, 0.00
807, 133.98, 0.00
808, -217.10, 0.00
809, 5.19, 0.00
810, 24.81, 0.00
811, 3.22, 0.00
812, -6.19, 0.00
813, -227.07, 0.00
814, 109.39, 0.00
815, -31.54, 0.00
816, -10.91, 0.00
817, -46.31, 0.00
818, 127.23, 0.00
819, -18.46, 0.00
820, 118.53, 0.00
821, -229.04, 0.00
822, -87.51, 0.00
823, 28.57, 0.00
824, -97.03, 0.00
825, -144.73, 0.00
826, 33.06, 0.00
827, 28.21, 0.00
828, -69.72, 0.00
829, 155.68, 0.00
830, -89.50, 0.00
831, 30.76, 0.00
832, 7.73, 0.00
833, 9.88, 0.00
834, 147.86, 0.00
835, 6.21, 0.00
836, -72.84, 0.00
837, -105.77, 0.00
838, 48.62, 0.00
839, 242.63, 0.00
840, -54.81, 0.00
841, 62.92, 0.00
842, 104.45, 0.00
843, -96.07, 0.00
844, -78.66, 0.00
845, -129.62, 0.00
846, -17.75, 0.00
847, -109.52, 0.00
848, -165.29, 0.00
849, -152.62, 0.00
850, -23.38, 0.00
851, -158.61, 0.00
852, -98.66, 0.00
853, -168.29, 0.00
854, 33.93, 0.00
855, -207.22, 0.00
856, -51.70, 0.00
857, -20.79, 0.00
858, -14.44, 0.00
859, -116.12, 0.00
860, 70.30, 0.00
861, 135.21, 0.00
862, 28.23, 0.00
863, 35.67, 0.00
864, 148.39, 0.00
865, 183.24, 0.00
866, 40.17, 0.00
867, -90.64, 0.00
868, -214.76, 0.00
869, 59.66, 0.00
870, -22.02, 0.00
871, 0.54, 0.00
872, -120.25, 0.00
873, 127.20, 0.00
874, -75.93, 0.00
875, -13.95, 0.00
876, -127.36, 0.00
877, 201.19, 0.00
878, 86.12, 0.00
879, 16.16, 0.00
880, -110.04, 0.00
881, 219.18, 0.00
882, 74.57, 0.00
883, 114.24, 0.00
884, -125.55, 0.00
885, -22.08, 0.00
886, -78.39, 0.00
887, -24.54, 0.00
888, -53.04, 0.00
889, 64.37, 0.00
890, -97.19, 0.00
891, -54.09, 0.00
892, -22.51, 0.00
893, -123.67, 0.00
894, 24.68, 0.00
895, 112.68, 0.00
896, 47.92, 0.00
897, 44.55, 0.00
898, -62.83, 0.00
899, -79.17, 0.00
900, 83.75, 0.00
901, -137.49, 0.00
902, -3.44, 0.00
903, 116.18, 0.00
904, -37.46, 0.00
905, -6.82, 0.00
906, -257.89, 0.00
907, 51.34, 0.00
908, -169.47, 0.00
909, 50.94, 0.00
910, 127.29, 0.00
911, -199.58, 0.00
912, -47.92, 0.00
913, 264.62, 0.00
914, -96.07, 0.00
915, -44.14, 0.00
916, 4.54, 0.00
917, -128.57, 0.00
918, 101.01, 0.00
919, -166.03, 0.00
920, -136.35, 0.00
921, -5.03, 0.00
922, 38.22, 0.00
923, 3.24, 0.00
924, -262.19, 0.00
925, -219.90, 0.00
926, -3.40, 0.00
927, -18.19, 0.00
928, 72.42, 0.00
929, -13.97, 0.00
930, 16.27, 0.00
931, -102.57, 0.00
932, 71.97, 0.00
933, -230.63, 0.00
934, 74.14, 0.00
935, 119.76, 0.00
936, 131.43, 0.00
937, 129.91, 0.00
938, 102.08, 0.00
939, 216.79, 0.00
940, 26.89, 0.00
941, 116.36, 0.00
942, 157.85, 0.00
943, -16.94, 0.00
944, -97.63, 0.00
945, 84.44, 0.00
946, -34.13, 0.00
947, -68.58, 0.00
948, -92.78, 0.00
949, 118.46, 0.00
950, -120.30, 0.00
951, -150.76, 0.00
952, 200.16, 0.00
953, 74.77, 0.00
954, 79.97, 0.00
955, -80.27, 0.00
956, 151.05, 0.00
957, -221.53, 0.00
958, 143.14, 0.00
959, 96.40, 0.00
960, 53.20, 0.00
961, 166.52, 0.00
962, -174.23, 0.00
963, -116.50, 0.00
964, 117.23, 0.00
965, 247.05, 0.00
966, -126.69, 0.00
967, -7.76, 0.00
968, 158.61, 0.00
969, -184.33, 0.00
970, 83.28, 0.00
971, -14.62, 0.00
972, -87.69, 0.00
973, 229.69, 0.00
974, 38.22, 0.00
975, 44.79, 0.00
976, -22.75, 0.00
977, -80.24, 0.00
978, -59.32, 0.00
979, 113.93, 0.00
980, 54.29, 0.00
981, -125.46, 0.00
982, -102.13, 0.00
983, 22.37, 0.00
984, -131.43, 0.00
985, 51.45, 0.00
986, 255.84, 0.00
987, 245.42, 0.00
988, 240.86, 0.00
989, -96.07, 0.00
990, -88.65, 0.00
991, 91.66, 0.00
992, 139.70, 0.00
993, 59.75, 0.00
994, -62.56, 0.00
995, 108.27, 0.00
996, -12.43, 0.00
997, 2.37, 0.00
998, -69.96, 0.00
999, -48.39, 0.00
1000, -58.05, 0.00
1001, 103.15, 0.00
1002, 68.26, 0.00
1003, 26.06, 0.00
1004, -115.96, 0.00
1005, 188.25, 0.00
1006, -46.76, 0.00
1007, 147.92, 0.00
1008, 122.06, 0.00
1009, -129.22, 0.00
1010, -0.09, 0.00
1011, 86.57, 0.00
1012, -82.99, 0.00
1013, -15.78, 0.00
1014, -141.93, 0.00
1015, 227.61, 0.00
1016, 5.34, 0.00
1017, -268.13, 0.00
1018, 174.72, 0.00
1019, -19.20, 0.00
1020, 50.27, 0.00
1021, 3.13, 0.00
1022, -118.89, 0.00
1023, 121.53, 0.00
1024, 17.17, 0.00
1025, -76.47, 0.00
1026, -185.88, 0.00
1027, 43.90, 0.00
1028, -141.26, 0.00
1029, -147.68, 0.00
1030, 130.53, 0.00
1031, -48.39, 0.00
1032, -259.39, 0.00
1033, 11.27, 0.00
1034, 195.82, 0.00
1035, -108.81, 0.00
1036, -121.59, 0.00
1037, -2.21, 0.00
1038, 84.58, 0.00
1039, 123.90, 0.00
1040, 166.32, 0.00
1041, -2.66, 0.00
1042, 248.75, 0.00
1043, -182.03, 0.00
1044, -66.14, 0.00
1045, -24.52, 0.00
1046, -282.59, 0.00
1047, -131.34, 0.00
1048, -70.77, 0.00
1049, -50.92, 0.00
1050, -5.10, 0.00
1051, -122.80, 0.00
1052, -33.84, 0.00
1053, -126.78, 0.00
1054, -63.99, 0.00
1055, -55.97, 0.00
1056, 190.64, 0.00
1057, 156.57, 0.00
1058, 60.10, 0.00
1059, 248.42, 0.00
1060, -69.51, 0.00
1061, -1.70, 0.00
1062, -44.59, 0.00
1063, 105.32, 0.00
1064, 74.36, 0.00
1065, 87.62, 0.00
1066, 8.90, 0.00
1067, 87.24, 0.00
1068, 88.42, 0.00
1069, -55.05, 0.00
1070, -164.82, 0.00
1071, -72.60, 0.00
1072, 40.64, 0.00
1073, 0.96, 0.00
1074, -28.59, 0.00
1075, 45.58, 0.00
1076, -11.56, 0.00
1077, -180.54, 0.00
1078, 1.18, 0.00
1079, -126.04, 0.00
1080, -159.10, 0.00
1081, 149.35, 0.00
1082, 76.26, 0.00
1083, 165.00, 0.00
1084, 92.54, 0.00
1085, 98.01, 0.00
1086, -132.52, 0.00
1087, 66.72, 0.00
1088, -181.50, 0.00
1089, 260.80, 0.00
1090, 31.56, 0.00
1091, -62.58, 0.00
1092, 31.14, 0.00
1093, 21.86, 0.00
1094, -82.19, 0.00
1095, 161.22, 0.00
1096, -54.45, 0.00
1097, -24.45, 0.00
1098, 133.64, 0.00
1099, -88.24, 0.00
1100, 152.60, 0.00
1101, 114.20, 0.00
1102, -51.23, 0.00
1103, 162.92, 0.00
1104, 68.33, 0.00
1105, 146.85, 0.00
1106, -189.30, 0.00
1107, 153.78, 0.00
1108, 155.37, 0.00
1109, 80.02, 0.00
1110, -73.92, 0.00
1111, -38.31, 0.00
1112, 0.89, 0.00
1113, 129.04, 0.00
1114, -157.83, 0.00
1115, 74.21, 0.00
1116, -31.54, 0.00
1117, -40.01, 0.00
1118, -173.87, 0.00
1119, -51.41, 0.00
1120, 76.82, 0.00
1121, -72.87, 0.00
1122, -227.97, 0.00
1123, -139.07, 0.00
1124, -43.79, 0.00
1125, -90.52, 0.00
1126, 89.97, 0.00
1127, -16.47, 0.00
1128, -138.78, 0.00
1129, 96.07, 0.00
1130, 58.27, 0.00
1131, 7.82, 0.00
1132, -193.36, 0.00
1133, -44.26, 0.00
1134, 34.87, 0.00
1135, -109.68, 0.00
1136, -64.19, 0.00
1137, -267.35, 0.00
1138, -0.80, 0.00
1139, -176.33, 0.00
1140, 113.01, 0.00
1141, -35.25, 0.00
1142, 60.53, 0.00
1143, -34.24, 0.00
1144, -189.23, 0.00
1145, -123.76, 0.00
1146, 63.61, 0.00
1147, -76.89, 0.00
1148, -125.84, 0.00
1149, -18.60, 0.00
1150, -17.66, 0.00
1151, -47.23, 0.00
1152, 36.99, 0.00
1153, 14.91, 0.00
1154, -7.87, 0.00
1155, 41.84, 0.00
1156, 142.85, 0.00
1157, -224.12, 0.00
1158, -197.46, 0.00
1159, -138.78, 0.00
1160, -105.72, 0.00
1161, -88.18, 0.00
1162, 34.87, 0.00
1163, 109.95, 0.00
1164, -95.42, 0.00
1165, -233.02, 0.00
1166, 93.25, 0.00
1167, 136.82, 0.00
1168, 405.86, 0.00
1169, -35.90, 0.00
1170, 33.06, 0.00
1171, 19.54, 0.00
1172, 70.88, 0.00
1173, -152.35, 0.00
1174, -152.60, 0.00
1175, -102.64, 0.00
1176, 122.17, 0.00
1177, 138.07, 0.00
1178, 129.28, 0.00
1179, 43.18, 0.00
1180, 46.65, 0.00
1181, 119.83, 0.00
1182, 29.53, 0.00
1183, 219.87, 0.00
1184, 20.45, 0.00
1185, -63.46, 0.00
1186, -267.39, 0.00
1187, 60.95, 0.00
1188, 80.04, 0.00
1189, -13.70, 0.00
1190, -118.15, 0.00
1191, -50.34, 0.00
1192, -29.82, 0.00
1193, 150.02, 0.00
1194, 46.89, 0.00
1195, 147.66, 0.00
1196, -40.59, 0.00
1197, -159.55, 0.00
1198, 183.31, 0.00
1199, 167.79, 0.00
1200, -60.93, 0.00
1201, 42.16, 0.00
1202, -120.97, 0.00
1203, -69.51, 0.00
1204, -83.68, 0.00
1205, 61.80, 0.00
1206, 5.48, 0.00
1207, 9.86, 0.00
1208, 99.93, 0.00
1209, 21.52, 0.00
1210, -173.74, 0.00
1211, -99.89, 0.00
1212, 152.35, 0.00
1213, -140.95, 0.00
1214, -102.57, 0.00
1215, -14.39, 0.00
1216, 5.48, 0.00
1217, 194.01, 0.00
1218, -24.41, 0.00
1219, -171.73, 0.00
1220, -170.68, 0.00
1221, 107.38, 0.00
1222, 42.47, 0.00
1223, -90.88, 0.00
1224, -125.53, 0.00
1225, -115.16, 0.00
1226, 235.27, 0.00
1227, -140.75, 0.00
1228, 118.29, 0.00
1229, 97.05, 0.00
1230, -51.25, 0.00
1231, 31.78, 0.00
1232, -119.89, 0.00
1233, 232.23, 0.00
1234, 117.48, 0.00
1235, 149.33, 0.00
1236, -49.82, 0.00
1237, 41.57, 0.00
1238, 111.02, 0.00
1239, -25.46, 0.00
1240, -84.38, 0.00
1241, -44.75, 0.00
1242, -112.32, 0.00
1243, -38.33, 0.00
1244, 13.59, 0.00
1245, 206.95, 0.00
1246, 110.44, 0.00
1247, -55.25, 0.00
1248, 13.41, 0.00
1249, 18.26, 0.00
1250, 28.19, 0.00
1251, -70.72, 0.00
1252, 74.88, 0.00
1253, -38.85, 0.00
1254, -177.23, 0.00
1255, -105.03, 0.00
1256, 144.59, 0.00
1257, -77.38, 0.00
1258, -147.34, 0.00
1259, 139.21, 0.00
1260, 202.71, 0.00
1261, 56.44, 0.00
1262, 209.73, 0.00
1263, -32.01, 0.00
1264, -34.06, 0.00
1265, 40.23, 0.00
1266, -9.34, 0.00
1267, -127.85, 0.00
1268, -12.00, 0.00
1269, -68.49, 0.00
1270, -112.27, 0.00
1271, -113.88, 0.00
1272, -114.69, 0.00
1273, 37.24, 0.00
1274, 43.12, 0.00
1275, 64.93, 0.00
1276, 93.97, 0.00
1277, -142.34, 0.00
1278, -194.24, 0.00
1279, 20.76, 0.00
1280, 112.21, 0.00
1281, 153.53, 0.00
1282, -59.70, 0.00
1283, 31.29, 0.00
1284, 41.24, 0.00
1285, 143.74, 0.00
1286, -339.93, 0.00
1287, -0.20, 0.00
1288, 33.55, 0.00
1289, -104.54, 0.00
1290, 73.89, 0.00
1291, -14.06, 0.00
1292, -135.70, 0.00
1293, 41.57, 0.00
1294, -100.38, 0.00
1295, 28.97, 0.00
1296, 179.98, 0.00
1297, -186.75, 0.00
1298, -68.20, 0.00
1299, 49.53, 0.00
1300, -46.40, 0.00
1301, 7.38, 0.00
1302, 330.74, 0.00
1303, -14.24, 0.00
1304, -23.78, 0.00
1305, -53.80, 0.00
1306, -49.80, 0.00
1307, 96.87, 0.00
1308, 94.93, 0.00
1309, -66.72, 0.00
1310, 82.12, 0.00
1311, 59.55, 0.00
1312, 202.93, 0.00
1313, -14.77, 0.00
1314, -76.58, 0.00
1315, -11.69, 0.00
1316, 156.71, 0.00
1317, 30.02, 0.00
1318, -56.89, 0.00
1319, 71.53, 0.00
1320, -114.44, 0.00
1321, -188.36, 0.00
1322, -15.71, 0.00
1323, -46.89, 0.00
1324, 214.73, 0.00
1325, 10.82, 0.00
1326, 192.49, 0.00
1327, 113.68, 0.00
1328, 298.55, 0.00
1329, -73.16, 0.00
1330, -34.42, 0.00
1331, 25.03, 0.00
1332, 20.12, 0.00
1333, -126.89, 0.00
1334, -88.54, 0.00
1335, -111.27, 0.00
1336, 128.86, 0.00
1337, 122.91, 0.00
1338, 29.26, 0.00
1339, -193.32, 0.00
1340, -83.68, 0.00
1341, 105.59, 0.00
1342, -7.78, 0.00
1343, 133.08, 0.00
1344, 132.95, 0.00
1345, -25.17, 0.00
1346, -62.81, 0.00
1347, -63.01, 0.00
1348, 62.76, 0.00
1349, 32.61, 0.00
1350, 74.34, 0.00
1351, -33.26, 0.00
1352, -17.39, 0.00
1353, -96.34, 0.00
1354, 211.02, 0.00
1355, -51.99, 0.00
1356, 14.39, 0.00
1357, 74.97, 0.00
1358, 167.33, 0.00
1359, -77.83, 0.00
1360, 3.15, 0.00
1361, 112.83, 0.00
1362, -108.61, 0.00
1363, 219.99, 0.00
1364, 61.04, 0.00
1365, 89.52, 0.00
1366, 39.63, 0.00
1367, 39.72, 0.00
1368, -191.24, 0.00
1369, 67.88, 0.00
1370, -7.17, 0.00
1371, 22.58, 0.00
1372, 244.39, 0.00
1373, -54.45, 0.00
1374, -102.66, 0.00
1375, -189.10, 0.00
1376, -123.54, 0.00
1377, -7.17, 0.00
1378, -193.16, 0.00
1379, 74.54, 0.00
1380, 186.30, 0.00
1381, -73.78, 0.00
1382, 190.06, 0.00
1383, -99.71, 0.00
1384, 98.17, 0.00
1385, 159.73, 0.00
1386, 118.87, 0.00
1387, -106.19, 0.00
1388, 180.67, 0.00
1389, -162.32, 0.00
1390, 176.85, 0.00
1391, 67.61, 0.00
1392, 5.97, 0.00
1393, 211.65, 0.00
1394, 113.90, 0.00
1395, -25.01, 0.00
1396, -80.65, 0.00
1397, 10.84, 0.00
1398, -73.45, 0.00
1399, -85.56, 0.00
1400, -77.85, 0.00
1401, 10.39, 0.00
1402, 35.58, 0.00
1403, -11.56, 0.00
1404, 85.25, 0.00
1405, 168.04, 0.00
1406, 129.75, 0.00
1407, -80.56, 0.00
1408, 212.92, 0.00
1409, -206.33, 0.00
1410, 63.50, 0.00
1411, -275.73, 0.00
1412, -43.76, 0.00
1413, 209.48, 0.00
1414, 64.10, 0.00
1415, -89.76, 0.00
1416, -97.74, 0.00
1417, 133.66, 0.00
1418, 177.29, 0.00
1419, -42.60, 0.00
1420, -27.40, 0.00
1421, -82.92, 0.00
1422, -97.52, 0.00
1423, 210.20, 0.00
1424, -53.71, 0.00
1425, -95.04, 0.00
1426, -93.59, 0.00
1427, -31.90, 0.00
1428, -74.83, 0.00
1429, -44.32, 0.00
1430, -143.39, 0.00
1431, -51.10, 0.00
1432, -50.00, 0.00
1433, -103.22, 0.00
1434, 48.66, 0.00
1435, 23.42, 0.00
1436, 23.16, 0.00
1437, 147.03, 0.00
1438, 185.41, 0.00
1439, -89.54, 0.00
1440, 167.86, 0.00
1441, 158.81, 0.00
1442, -82.32, 0.00
1443, 76.11, 0.00
1444, -130.02, 0.00
1445, 79.46, 0.00
1446, -93.97, 0.00
1447, -210.31, 0.00
1448, -177.56, 0.00
1449, 88.24, 0.00
1450, 11.33, 0.00
1451, 55.61, 0.00
1452, 137.60, 0.00
1453, -83.75, 0.00
1454, 63.79, 0.00
1455, 65.24, 0.00
1456, -65.38, 0.00
1457, 145.33, 0.00
1458, 53.73, 0.00
1459, 167.06, 0.00
1460, -36.57, 0.00
1461, 69.87, 0.00
1462, 218.15, 0.00
1463, 115.60, 0.00
1464, -168.87, 0.00
1465, -121.86, 0.00
1466, 186.66, 0.00
1467, 61.65, 0.00
1468, -35.87, 0.00
1469, -86.12, 0.00
1470, 116.81, 0.00
1471, 112.05, 0.00
1472, -133.98, 0.00
1473, -94.01, 0.00
1474, -215.90, 0.00
1475, -206.44, 0.00
1476, -11.29, 0.00
1477, 69.22, 0.00
1478, 28.36, 0.00
1479, -140.30, 0.00
1480, 204.74, 0.00
1481, -199.11, 0.00
1482, -164.78, 0.00
1483, 87.46, 0.00
1484, 127.58, 0.00
1485, -88.83, 0.00
1486, -0.29, 0.00
1487, -5.54, 0.00
1488, -18.95, 0.00
1489, 29.08, 0.00
1490, -49.26, 0.00
1491, 35.05, 0.00
1492, -161.42, 0.00
1493, 100.56, 0.00
1494, 82.75, 0.00
1495, 170.99, 0.00
1496, -65.71, 0.00
1497, -127.47, 0.00
1498, -101.97, 0.00
1499, 15.18, 0.00
1500, -56.84, 0.00
1501, 165.67, 0.00
1502, 92.09, 0.00
1503, -61.76, 0.00
1504, 7.58, 0.00
1505, -17.77, 0.00
1506, -35.56, 0.00
1507, 48.26, 0.00
1508, 203.13, 0.00
1509, 34.89, 0.00
1510, -30.96, 0.00
1511, 95.33, 0.00
1512, -37.77, 0.00
1513, 133.06, 0.00
1514, 7.62, 0.00
1515, 159.50, 0.00
1516, 109.93, 0.00
1517, 115.22, 0.00
1518, 16.38, 0.00
1519, 73.58, 0.00
1520, 159.73, 0.00
1521, -158.38, 0.00
1522, -163.86, 0.00
1523, 97.01, 0.00
1524, -106.24, 0.00
1525, -66.43, 0.00
1526, 29.03, 0.00
1527, -49.37, 0.00
1528, -59.55, 0.00
1529, -143.54, 0.00
1530, -47.90, 0.00
1531, 3.02, 0.00
1532, -19.00, 0.00
1533, 160.17, 0.00
1534, -29.21, 0.00
1535, -131.38, 0.00
1536, -113.50, 0.00
1537, -66.90, 0.00
1538, 6.53, 0.00
1539, 285.54, 0.00
1540, -7.15, 0.00
1541, -5.28, 0.00
1542, 46.78, 0.00
1543, 144.44, 0.00
1544, 50.72, 0.00
1545, 2.62, 0.00
1546, 71.53, 0.00
1547, 28.23, 0.00
1548, -74.54, 0.00
1549, -119.96, 0.00
1550, 107.38, 0.00
1551, 128.08, 0.00
1552, 69.87, 0.00
1553, 95.31, 0.00
1554, -104.70, 0.00
1555, -176.94, 0.00
1556, 29.91, 0.00
1557, -65.94, 0.00
1558, 52.15, 0.00
1559, 70.10, 0.00
1560, -45.53, 0.00
1561, 131.67, 0.00
1562, 50.85, 0.00
1563, -43.00, 0.00
1564, 47.65, 0.00
1565, -135.56, 0.00
1566, -36.34, 0.00
1567, 99.06, 0.00
1568, 44.39, 0.00
1569, 291.47, 0.00
1570, -152.89, 0.00
1571, 17.46, 0.00
1572, 64.57, 0.00
1573, -167.21, 0.00
1574, -9.21, 0.00
1575, 7.91, 0.00
1576, 99.49, 0.00
1577, 117.55, 0.00
1578, 71.35, 0.00
1579, 58.92, 0.00
1580, 43.03, 0.00
1581, -180.00, 0.00
1582, 7.26, 0.00
1583, 27.49, 0.00
1584, 11.44, 0.00
1585, -66.00, 0.00
1586, -128.05, 0.00
1587, -50.47, 0.00
1588, 122.93, 0.00
1589, -96.85, 0.00
1590, -76.76, 0.00
1591, 85.96, 0.00
1592, -173.90, 0.00
1593, 133.53, 0.00
1594, 128.01, 0.00
1595, -44.59, 0.00
1596, 150.78, 0.00
1597, 108.50, 0.00
1598, 73.34, 0.00
1599, 77.45, 0.00
1600, -79.06, 0.00
1601, -228.90, 0.00
1602, -42.74, 0.00
1603, 80.18, 0.00
1604, -112.94, 0.00
1605, 7.00, 0.00
1606, 88.24, 0.00
1607, 58.99, 0.00
1608, -105.41, 0.00
1609, 41.37, 0.00
1610, -9.21, 0.00
1611, 37.95, 0.00
1612, 120.63, 0.00
1613, 100.52, 0.00
1614, -125.53, 0.00
1615, 44.12, 0.00
1616, 86.14, 0.00
1617, 8.72, 0.00
1618, -106.33, 0.00
1619, 147.45, 0.00
1620, 60.80, 0.00
1621, -46.76, 0.00
1622, -17.70, 0.00
1623, -51.16, 0.00
1624, -108.18, 0.00
1625, 39.70, 0.00
1626, -176.47, 0.00
1627, 53.33, 0.00
1628, -20.25, 0.00
1629, -58.25, 0.00
1630, 102.15, 0.00
1631, 59.21, 0.00
1632, 70.83, 0.00
1633, -35.18, 0.00
1634, -145.11, 0.00
1635, 37.71, 0.00
1636, -137.44, 0.00
1637, 255.66, 0.00
1638, -121.26, 0.00
1639, 96.63, 0.00
1640, -151.61, 0.00
1641, -18.24, 0.00
1642, 307.38, 0.00
1643, -30.13, 0.00
1644, 38.00, 0.00
1645, -284.47, 0.00
1646, 199.65, 0.00
1647, 21.23, 0.00
1648, 73.63, 0.00
1649, 11.15, 0.00
1650, 62.43, 0.00
1651, 12.87, 0.00
1652, 207.18, 0.00
1653, 43.27, 0.00
1654, -5.28, 0.00
1655, 39.72, 0.00
1656, -200.92, 0.00
1657, 165.36, 0.00
1658, 146.65, 0.00
1659, -146.38, 0.00
1660, 20.68, 0.00
1661, -59.21, 0.00
1662, -98.64, 0.00
1663, 131.29, 0.00
1664, -166.59, 0.00
1665, -51.54, 0.00
1666, 42.45, 0.00
1667, 169.52, 0.00
1668, -133.15, 0.00
1669, -63.86, 0.00
1670, 39.54, 0.00
1671, -209.08, 0.00
1672, 54.14, 0.00
1673, -144.57, 0.00
1674, -140.82, 0.00
1675, 13.81, 0.00
1676, 63.99, 0.00
1677, -95.80, 0.00
1678, -147.48, 0.00
1679, 57.62, 0.00
1680, 297.08, 0.00
1681, -196.83, 0.00
1682, 125.35, 0.00
1683, 28.95, 0.00
1684, -153.51, 0.00
1685, -187.04, 0.00
1686, -198.86, 0.00
1687, 53.82, 0.00
1688, 128.37, 0.00
1689, 104.27, 0.00
1690, -57.02, 0.00
1691, 84.71, 0.00
1692, -91.04, 0.00
1693, -69.22, 0.00
1694, 92.85, 0.00
1695, -32.59, 0.00
1696, -86.68, 0.00
1697, 65.54, 0.00
1698, -63.28, 0.00
1699, 124.83, 0.00
1700, 112.03, 0.00
1701, -12.49, 0.00
1702, -56.37, 0.00
1703, -94.86, 0.00
1704, -226.24, 0.00
1705, -202.73, 0.00
1706, -139.14, 0.00
1707, -260.24, 0.00
1708, -71.79, 0.00
1709, 102.75, 0.00
1710, -10.62, 0.00
1711, -210.53, 0.00
1712, -80.44, 0.00
1713, 59.21, 0.00
1714, -92.04, 0.00
1715, -148.26, 0.00
1716, -117.21, 0.00
1717, 6.68, 0.00
1718, -66.25, 0.00
1719, 10.86, 0.00
1720, -4.47, 0.00
1721, 30.58, 0.00
1722, -109.61, 0.00
1723, 40.55, 0.00
1724, -93.94, 0.00
1725, 21.57, 0.00
1726, -11.94, 0.00
1727, 33.57, 0.00
1728, -75.55, 0.00
1729, 130.29, 0.00
1730, -48.15, 0.00
1731, -55.66, 0.00
1732, -181.52, 0.00
1733, 106.64, 0.00
1734, -0.20, 0.00
1735, -57.82, 0.00
1736, -33.97, 0.00
1737, 66.09, 0.00
1738, -159.64, 0.00
1739, -19.71, 0.00
1740, -5.12, 0.00
1741, -126.98, 0.00
1742, 115.49, 0.00
1743, -37.62, 0.00
1744, 151.25, 0.00
1745, -56.91, 0.00
1746, -137.66, 0.00
1747, -29.12, 0.00
1748, 9.57, 0.00
1749, 89.47, 0.00
1750, -86.99, 0.00
1751, 108.74, 0.00
1752, 29.77, 0.00
1753, -86.23, 0.00
1754, 53.00, 0.00
1755, -149.09, 0.00
1756, -14.28, 0.00
1757, 106.37, 0.00
1758, -91.11, 0.00
1759, -7.78, 0.00
1760, 150.54, 0.00
1761, 144.95, 0.00
1762, -188.31, 0.00
1763, 116.45, 0.00
1764, -52.50, 0.00
1765, 191.58, 0.00
1766, 56.91, 0.00
1767, 46.38, 0.00
1768, 262.45, 0.00
1769, 106.71, 0.00
1770, -87.42, 0.00
1771, -177.41, 0.00
1772, 17.08, 0.00
1773, -12.61, 0.00
1774, -18.75, 0.00
1775, 92.07, 0.00
1776, 66.56, 0.00
1777, -149.13, 0.00
1778, -2.70, 0.00
1779, -205.55, 0.00
1780, 41.66, 0.00
1781, -50.87, 0.00
1782, -26.62, 0.00
1783, -23.89, 0.00
1784, 113.12, 0.00
1785, -52.48, 0.00
1786, -47.94, 0.00
1787, 115.20, 0.00
1788, -98.10, 0.00
1789, -23.22, 0.00
1790, -76.40, 0.00
1791, -134.36, 0.00
1792, -88.83, 0.00
1793, 98.77, 0.00
1794, -142.00, 0.00
1795, -92.58, 0.00
1796, -68.24, 0.00
1797, 44.35, 0.00
1798, -172.38, 0.00
1799, 55.68, 0.00
1800, 131.61, 0.00
1801, 139.47, 0.00
1802, -128.57, 0.00
1803, 30.06, 0.00
1804, -74.81, 0.00
1805, 65.29, 0.00
1806, 262.50, 0.00
1807, -57.82, 0.00
1808, 10.24, 0.00
1809, 178.32, 0.00
1810, 298.53, 0.00
1811, 179.93, 0.00
1812, 14.69, 0.00
1813, -125.33, 0.00
1814, 135.43, 0.00
1815, 44.46, 0.00
1816, -29.75, 0.00
1817, 77.38, 0.00
1818, -163.15, 0.00
1819, -126.94, 0.00
1820, 84.69, 0.00
1821, 229.89, 0.00
1822, -25.50, 0.00
1823, -32.99, 0.00
1824, -95.55, 0.00
1825, -10.01, 0.00
1826, -54.63, 0.00
1827, -179.08, 0.00
1828, -195.56, 0.00
1829, -60.66, 0.00
1830, -79.53, 0.00
1831, 5.65, 0.00
1832, -159.08, 0.00
1833, 64.37, 0.00
1834, 209.70, 0.00
1835, -285.81, 0.00
1836, 42.85, 0.00
1837, 191.82, 0.00
1838, 66.79, 0.00
1839, -71.64, 0.00
1840, -61.60, 0.00
1841, 128.59, 0.00
1842, -36.01, 0.00
1843, 194.24, 0.00
1844, -12.94, 0.00
1845, -82.63, 0.00
1846, 254.07, 0.00
1847, 207.04, 0.00
1848, 19.02, 0.00
1849, 34.85, 0.00
1850, -3.08, 0.00
1851, -72.69, 0.00
1852, -261.07, 0.00
1853, -11.04, 0.00
1854, 52.41, 0.00
1855, -102.86, 0.00
1856, 13.48, 0.00
1857, -62.00, 0.00
1858, 1.65, 0.00
1859, 95.55, 0.00
1860, 66.65, 0.00
1861, 35.72, 0.00
1862, 170.59, 0.00
1863, 23.16, 0.00
1864, -179.53, 0.00
1865, -78.41, 0.00
1866, 131.61, 0.00
1867, -13.61, 0.00
1868, -37.39, 0.00
1869, -26.67, 0.00
1870, 180.69, 0.00
1871, -44.37, 0.00
1872, 54.27, 0.00
1873, 79.35, 0.00
1874, 18.40, 0.00
1875, -60.93, 0.00
1876, -54.90, 0.00
1877, 73.94, 0.00
1878, 196.09, 0.00
1879, 35.32, 0.00
1880, -129.95, 0.00
1881, 105.68, 0.00
1882, -89.00, 0.00
1883, -236.57, 0.00
1884, -112.23, 0.00
1885, 14.06, 0.00
1886, 31.18, 0.00
1887, 232.28, 0.00
1888, 94.64, 0.00
1889, 134.09, 0.00
1890, 46.45, 0.00
1891, -70.74, 0.00
1892, -10.93, 0.00
1893, 12.65, 0.00
1894, -60.08, 0.00
1895, -33.93, 0.00
1896, 127.83, 0.00
1897, 21.39, 0.00
1898, 147.21, 0.00
1899, 204.29, 0.00
1900, -67.95, 0.00
1901, 19.76, 0.00
1902, -114.49, 0.00
1903, 118.35, 0.00
1904, -219.00, 0.00
1905, 0.38, 0.00
1906, -200.23, 0.00
1907, 81.90, 0.00
1908, 4.11, 0.00
1909, -15.56, 0.00
1910, -62.34, 0.00
1911, -43.65, 0.00
1912, 50.31, 0.00
1913, -168.53, 0.00
1914, -32.59, 0.00
1915, -79.24, 0.00
1916, 42.09, 0.00
1917, -19.27, 0.00
1918, -124.34, 0.00
1919, 99.96, 0.00
1920, -177.94, 0.00
1921, 96.67, 0.00
1922, 76.44, 0.00
1923, -69.45, 0.00
1924, 136.17, 0.00
1925, 137.51, 0.00
1926, 129.22, 0.00
1927, 170.12, 0.00
1928, -51.86, 0.00
1929, 77.81, 0.00
1930, 33.04, 0.00
1931, 56.46, 0.00
1932, -136.77, 0.00
1933, -85.94, 0.00
1934, -17.01, 0.00
1935, 202.62, 0.00
1936, -120.12, 0.00
1937, -10.66, 0.00
1938, 93.39, 0.00
1939, -8.45, 0.00
1940, -65.33, 0.00
1941, -71.95, 0.00
1942, -66.36, 0.00
1943, 36.61, 0.00
1944, 69.27, 0.00
1945, 265.40, 0.00
1946, 78.16, 0.00
1947, -85.03, 0.00
1948, 33.28, 0.00
1949, -11.29, 0.00
1950, 62.94, 0.00
1951, 279.62, 0.00
1952, 98.08, 0.00
1953, 185.16, 0.00
1954, -69.78, 0.00
1955, -88.89, 0.00
1956, 106.26, 0.00
1957, -119.25, 0.00
1958, 14.42, 0.00
1959, -133.91, 0.00
1960, -32.37, 0.00
1961, 59.79, 0.00
1962, -143.41, 0.00
1963, 38.44, 0.00
1964, -117.86, 0.00
1965, -84.42, 0.00
1966, 256.60, 0.00
1967, -140.97, 0.00
1968, 137.22, 0.00
1969, 74.19, 0.00
1970, 83.77, 0.00
1971, -72.06, 0.00
1972, 20.27, 0.00
1973, 9.97, 0.00
1974, -113.48, 0.00
1975, -53.96, 0.00
1976, 111.02, 0.00
1977, 6.15, 0.00
1978, -173.43, 0.00
1979, 211.45, 0.00
1980, -85.23, 0.00
1981, -25.77, 0.00
1982, -137.53, 0.00
1983, -21.68, 0.00
1984, 135.50, 0.00
1985, 45.80, 0.00
1986, 104.34, 0.00
1987, 181.09, 0.00
1988, -171.53, 0.00
1989, 6.97, 0.00
1990, 47.10, 0.00
1991, -2.24, 0.00
1992, -72.58, 0.00
1993, 45.31, 0.00
1994, 90.19, 0.00
1995, 89.56, 0.00
1996, -23.04, 0.00
1997, -0.51, 0.00
1998, 167.21, 0.00
1999, -269.63, 0.00
2000, 125.15, 0.00
2001, -269.90, 0.00
2002, 60.60, 0.00
2003, 105.43, 0.00
2004, -140.48, 0.00
2005, -99.85, 0.00
2006, -25.84, 0.00
2007, 37.42, 0.00
2008, -138.92, 0.00
2009, 226.42, 0.00
2010, 52.30, 0.00
2011, 25.28, 0.00
2012, -300.54, 0.00
2013, -133.66, 0.00
2014, -108.81, 0.00
2015, -79.21, 0.00
2016, 66.90, 0.00
2017, -104.11, 0.00
2018, 119.00, 0.00
2019, -9.52, 0.00
2020, -24.25, 0.00
2021, -0.85, 0.00
2022, -159.08, 0.00
2023, 201.86, 0.00
2024, 15.58, 0.00
2025, -82.32, 0.00
2026, -98.08, 0.00
2027, -35.56, 0.00
2028, -319.05, 0.00
2029, -71.48, 0.00
2030, -222.87, 0.00
2031, 129.55, 0.00
2032, -206.73, 0.00
2033, 61.58, 0.00
2034, 177.94, 0.00
2035, -147.25, 0.00
2036, -47.70, 0.00
2037, 2.84, 0.00
2038, -82.08, 0.00
2039, 45.64, 0.00
2040, 14.19, 0.00
2041, -47.97, 0.00
2042, 7.00, 0.00
2043, -23.18, 0.00
2044, -82.43, 0.00
2045, 17.39, 0.00
2046, -112.54, 0.00
2047, 30.00, 0.00
2048, 102.35, 0.00
2049, 1.21, 0.00
2050, 13.34, 0.00
2051, -0.72, 0.00
2052, 92.00, 0.00
2053, 185.74, 0.00
2054, -75.03, 0.00
2055, -193.99, 0.00
2056, -248.17, 0.00
2057, 107.51, 0.00
2058, 23.69, 0.00
2059, -128.92, 0.00
2060, -69.67, 0.00
2061, -107.69, 0.00
2062, 134.92, 0.00
2063, 13.79, 0.00
2064, 3.46, 0.00
2065, 103.09, 0.00
2066, -89.12, 0.00
2067, -43.54, 0.00
2068, -94.53, 0.00
2069, -180.96, 0.00
2070, -38.04, 0.00
2071, -56.35, 0.00
2072, 41.73, 0.00
2073, 48.41, 0.00
2074, -169.94, 0.00
2075, 167.73, 0.00
2076, -132.28, 0.00
2077, -212.48, 0.00
2078, -223.61, 0.00
2079, -111.56, 0.00
2080, 9.25, 0.00
2081, 86.72, 0.00
2082, -26.64, 0.00
2083, 156.89, 0.00
2084, 19.33, 0.00
2085, -21.70, 0.00
2086, -45.28, 0.00
2087, 46.72, 0.00
2088, -40.34, 0.00
2089, -189.05, 0.00
2090, -98.91, 0.00
2091, -64.89, 0.00
2092, -92.85, 0.00
2093, -7.73, 0.00
2094, -25.82, 0.00
2095, 45.02, 0.00
2096, 213.50, 0.00
2097, 27.14, 0.00
2098, 133.44, 0.00
2099, -4.76, 0.00
2100, 5.07, 0.00
2101, 25.75, 0.00
2102, 146.16, 0.00
2103, -93.23, 0.00
2104, -52.24, 0.00
2105, 290.33, 0.00
2106, -108.67, 0.00
2107, -124.01, 0.00
2108, -113.86, 0.00
2109, 103.33, 0.00
2110, -137.78, 0.00
2111, 194.17, 0.00
2112, 152.53, 0.00
2113, -103.56, 0.00
2114, -50.83, 0.00
2115, 26.51, 0.00
2116, -44.75, 0.00
2117, -256.15, 0.00
2118, 108.88, 0.00
2119, -6.50, 0.00
2120, 111.47, 0.00
2121, 319.03, 0.00
2122, -104.09, 0.00
2123, -59.70, 0.00
2124, -123.47, 0.00
2125, -81.23, 0.00
2126, -86.64, 0.00
2127, -242.61, 0.00
2128, -104.45, 0.00
2129, -83.13, 0.00
2130, -126.85, 0.00
2131, -141.87, 0.00
2132, -22.44, 0.00
2133, -127.63, 0.00
2134, -98.75, 0.00
2135, -54.02, 0.00
2136, -77.90, 0.00
2137, 4.52, 0.00
2138, -95.71, 0.00
2139, 54.99, 0.00
2140, 5.72, 0.00
2141, -109.70, 0.00
2142, 17.72, 0.00
2143, 2.75, 0.00
2144, -71.84, 0.00
2145, 93.65, 0.00
2146, -44.44, 0.00
2147, -128.95, 0.00
2148, -128.77, 0.00
2149, 12.67, 0.00
2150, 42.78, 0.00
2151, -86.05, 0.00
2152, -2.84, 0.00
2153, -112.59, 0.00
2154, -101.72, 0.00
2155, -7.96, 0.00
2156, -101.50, 0.00
2157, 276.87, 0.00
2158, 18.42, 0.00
2159, -242.92, 0.00
2160, 168.69, 0.00
2161, -118.44, 0.00
2162, 175.22, 0.00
2163, -272.51, 0.00
2164, 140.28, 0.00
2165, -86.14, 0.00
2166, -20.70, 0.00
2167, 101.48, 0.00
2168, 56.66, 0.00
2169, -38.15, 0.00
2170, 104.29, 0.00
2171, -98.17, 0.00
2172, -1.88, 0.00
2173, -128.37, 0.00
2174, -73.83, 0.00
2175, 85.50, 0.00
2176, -115.04, 0.00
2177, 39.36, 0.00
2178, 40.88, 0.00
2179, 139.61, 0.00
2180, -89.00, 0.00
2181, -297.30, 0.00
2182, 104.20, 0.00
2183, -72.31, 0.00
2184, 72.17, 0.00
2185, -7.93, 0.00
2186, 84.76, 0.00
2187, 108.76, 0.00
2188, 186.35, 0.00
2189, -153.71, 0.00
2190, -289.86, 0.00
2191, 91.53, 0.00
2192, -88.80, 0.00
2193, 249.69, 0.00
2194, -37.53, 0.00
2195, 123.94, 0.00
2196, 88.40, 0.00
2197, -59.14, 0.00
2198, 0.34, 0.00
2199, 152.73, 0.00
2200, 119.18, 0.00
2201, -0.25, 0.00
2202, -30.29, 0.00
2203, -205.99, 0.00
2204, 92.56, 0.00
2205, 157.96, 0.00
2206, -9.52, 0.00
2207, 7.22, 0.00
2208, 20.76, 0.00
2209, -220.21, 0.00
2210, 18.84, 0.00
2211, -91.51, 0.00
2212, 82.97, 0.00
2213, 127.25, 0.00
2214, -45.87, 0.00
2215, 194.12, 0.00
2216, 64.80, 0.00
2217, -119.49, 0.00
2218, -26.73, 0.00
2219, 90.99, 0.00
2220, 20.32, 0.00
2221, -183.11, 0.00
2222, 30.64, 0.00
2223, 185.23, 0.00
2224, 44.59, 0.00
2225, -105.03, 0.00
2226, -51.41, 0.00
2227, 34.53, 0.00
2228, -198.57, 0.00
2229, -29.71, 0.00
2230, 49.20, 0.00
2231, -156.10, 0.00
2232, 126.85, 0.00
2233, -52.30, 0.00
2234, -80.98, 0.00
2235, 63.41, 0.00
2236, 214.22, 0.00
2237, -116.39, 0.00
2238, 79.82, 0.00
2239, 39.41, 0.00
2240, -107.38, 0.00
2241, 220.75, 0.00
2242, -14.73, 0.00
2243, -47.50, 0.00
2244, -83.95, 0.00
2245, 149.33, 0.00
2246, -28.61, 0.00
2247, -60.04, 0.00
2248, -183.75, 0.00
2249, -82.92, 0.00
2250, 302.49, 0.00
2251, -105.10, 0.00
2252, -156.26, 0.00
2253, 31.85, 0.00
2254, 330.07, 0.00
2255, 42.60, 0.00
2256, 65.38, 0.00
2257, -12.61, 0.00
2258, -178.30, 0.00
2259, 35.20, 0.00
2260, -87.17, 0.00
2261, 68.13, 0.00
2262, 170.14, 0.00
2263, 22.62, 0.00
2264, -128.43, 0.00
2265, -54.61, 0.00
2266, -1.03, 0.00
2267, 77.05, 0.00
2268, -188.20, 0.00
2269, 242.09, 0.00
2270, 33.44, 0.00
2271, 14.39, 0.00
2272, 41.15, 0.00
2273, 52.37, 0.00
2274, 77.61, 0.00
2275, -154.00, 0.00
2276, -55.39, 0.00
2277, 150.54, 0.00
2278, -92.72, 0.00
2279, 88.94, 0.00
2280, -110.71, 0.00
2281, -219.61, 0.00
2282, -115.29, 0.00
2283, 21.44, 0.00
2284, 94.55, 0.00
2285, -32.77, 0.00
2286, 2.44, 0.00
2287, 61.09, 0.00
2288, -41.93, 0.00
2289, 20.54, 0.00
2290, -73.02, 0.00
2291, -99.82, 0.00
2292, 11.62, 0.00
2293, 146.38, 0.00
2294, 73.54, 0.00
2295, 278.79, 0.00
2296, 190.55, 0.00
2297, -80.15, 0.00
2298, -277.21, 0.00
2299, 90.39, 0.00
2300, 63.37, 0.00
2301, -29.93, 0.00
2302, 57.15, 0.00
2303, -99.53, 0.00
2304, -75.08, 0.00
2305, -107.78, 0.00
2306, 53.29, 0.00
2307, 134.65, 0.00
2308, 128.52, 0.00
2309, -127.67, 0.00
2310, -174.90, 0.00
2311, -316.34, 0.00
2312, -66.38, 0.00
2313, 110.13, 0.00
2314, -54.16, 0.00
2315, -59.75, 0.00
2316, -169.54, 0.00
2317, -164.55, 0.00
2318, 286.57, 0.00
2319, 221.19, 0.00
2320, 213.33, 0.00
2321, 170.16, 0.00
2322, 151.25, 0.00
2323, 16.70, 0.00
2324, 180.76, 0.00
2325, 36.66, 0.00
2326, -115.22, 0.00
2327, -123.81, 0.00
2328, -108.96, 0.00
2329, 101.63, 0.00
2330, 132.59, 0.00
2331, -187.24, 0.00
2332, 57.09, 0.00
2333, 32.75, 0.00
2334, 152.19, 0.00
2335, -39.99, 0.00
2336, -32.01, 0.00
2337, 47.97, 0.00
2338, 172.91, 0.00
2339, 7.73, 0.00
2340, 10.82, 0.00
2341, 75.64, 0.00
2342, 100.18, 0.00
2343, -95.31, 0.00
2344, -269.63, 0.00
2345, -26.82, 0.00
2346, -133.91, 0.00
2347, -81.54, 0.00
2348, -94.19, 0.00
2349, -105.95, 0.00
2350, -148.77, 0.00
2351, -55.59, 0.00
2352, -61.40, 0.00
2353, -23.67, 0.00
2354, 46.00, 0.00
2355, 115.40, 0.00
2356, 186.84, 0.00
2357, 73.94, 0.00
2358, 176.38, 0.00
2359, -98.62, 0.00
2360, -111.13, 0.00
2361, -82.41, 0.00
2362, -72.75, 0.00
2363, 256.33, 0.00
2364, 79.33, 0.00
2365, -211.20, 0.00
2366, -0.72, 0.00
2367, -7.47, 0.00
2368, 161.92, 0.00
2369, 117.06, 0.00
2370, -57.15, 0.00
2371, 70.05, 0.00
2372, -138.54, 0.00
2373, -137.84, 0.00
2374, -120.34, 0.00
2375, 123.83, 0.00
2376, -15.85, 0.00
2377, -9.83, 0.00
2378, 42.74, 0.00
2379, 170.68, 0.00
2380, -122.58, 0.00
2381, -94.77, 0.00
2382, 1.23, 0.00
2383, -53.96, 0.00
2384, 152.71, 0.00
2385, 163.30, 0.00
2386, 94.26, 0.00
2387, 20.36, 0.00
2388, 52.93, 0.00
2389, -15.51, 0.00
2390, -36.23, 0.00
2391, 9.77, 0.00
2392, -53.89, 0.00
2393, 49.49, 0.00
2394, 28.99, 0.00
2395, 362.21, 0.00
2396, -248.60, 0.00
2397, 213.95, 0.00
2398, 91.42, 0.00
2399, -92.42, 0.00
2400, 16.90, 0.00
2401, -13.14, 0.00
2402, 15.83, 0.00
2403, -165.83, 0.00
2404, 36.79, 0.00
2405, 37.73, 0.00
2406, -1.36, 0.00
2407, -13.14, 0.00
2408, 209.46, 0.00
2409, 212.21, 0.00
2410, -188.27, 0.00
2411, -78.59, 0.00
2412, -29.53, 0.00
2413, 6.46, 0.00
2414, -149.91, 0.00
2415, 133.73, 0.00
2416, 26.98, 0.00
2417, 356.38, 0.00
2418, -30.49, 0.00
2419, 31.81, 0.00
2420, 168.33, 0.00
2421, 24.36, 0.00
2422, 7.67, 0.00
2423, 29.46, 0.00
2424, -121.62, 0.00
2425, 9.45, 0.00
2426, -18.60, 0.00
2427, -248.95, 0.00
2428, 108.58, 0.00
2429, 131.50, 0.00
2430, -245.29, 0.00
2431, -227.85, 0.00
2432, 41.86, 0.00
2433, -38.24, 0.00
2434, 67.21, 0.00
2435, -112.65, 0.00
2436, 199.04, 0.00
2437, -20.79, 0.00
2438, 69.67, 0.00
2439, 79.68, 0.00
2440, -27.85, 0.00
2441, 70.81, 0.00
2442, 102.91, 0.00
2443, 65.38, 0.00
2444, -105.95, 0.00
2445, -80.22, 0.00
2446, -29.68, 0.00
2447, -11.80, 0.00
2448, 19.36, 0.00
2449, -5.54, 0.00
2450, 57.15, 0.00
2451, 22.58, 0.00
2452, 112.63, 0.00
2453, 17.12, 0.00
2454, -6.68, 0.00
2455, -44.64, 0.00
2456, 33.91, 0.00
2457, 105.10, 0.00
2458, 11.49, 0.00
2459, -82.37, 0.00
2460, 69.87, 0.00
2461, 9.41, 0.00
2462, -2.64, 0.00
2463, -23.56, 0.00
2464, 26.76, 0.00
2465, -113.61, 0.00
2466, -341.04, 0.00
2467, -26.08, 0.00
2468, 253.00, 0.00
2469, 21.68, 0.00
2470, 90.66, 0.00
2471, 12.99, 0.00
2472, -132.01, 0.00
2473, 76.89, 0.00
2474, -20.47, 0.00
2475, 74.25, 0.00
2476, 54.63, 0.00
2477, 32.77, 0.00
2478, 37.33, 0.00
2479, 88.13, 0.00
2480, 25.75, 0.00
2481, -107.31, 0.00
2482, 15.45, 0.00
2483, 110.28, 0.00
2484, -126.82, 0.00
2485, 207.87, 0.00
2486, 20.27, 0.00
2487, -236.55, 0.00
2488, -12.05, 0.00
2489, -43.47, 0.00
2490, -2.53, 0.00
2491, -21.97, 0.00
2492, -92.20, 0.00
2493, 57.47, 0.00
2494, 25.06, 0.00
2495, -132.12, 0.00
2496, -81.83, 0.00
2497, 119.29, 0.00
2498, -46.58, 0.00
2499, 59.97, 0.00
2500, -181.23, 0.00
2501, -125.42, 0.00
2502, 17.32, 0.00
2503, 49.82, 0.00
2504, 56.93, 0.00
2505, -205.14, 0.00
2506, -35.79, 0.00
2507, 56.80, 0.00
2508, -67.57, 0.00
2509, 134.31, 0.00
2510, 88.42, 0.00
2511, 52.93, 0.00
2512, -52.17, 0.00
2513, 61.22, 0.00
2514, -55.77, 0.00
2515, -16.74, 0.00
2516, 90.64, 0.00
2517, 84.65, 0.00
2518, -54.61, 0.00
2519, -35.09, 0.00
2520, 99.40, 0.00
2521, 49.87, 0.00
2522, -67.50, 0.00
2523, -124.43, 0.00
2524, -9.03, 0.00
2525, 66.38, 0.00
2526, -125.01, 0.00
2527, 68.66, 0.00
2528, 51.27, 0.00
2529, 163.23, 0.00
2530, -101.25, 0.00
2531, -96.51, 0.00
2532, -107.42, 0.00
2533, 103.62, 0.00
2534, -88.85, 0.00
2535, -154.99, 0.00
2536, 169.78, 0.00
2537, -101.03, 0.00
2538, 130.09, 0.00
2539, -56.89, 0.00
2540, -101.32, 0.00
2541, 139.36, 0.00
2542, -5.68, 0.00
2543, 159.61, 0.00
2544, 116.90, 0.00
2545, 72.37, 0.00
2546, 7.73, 0.00
2547, -195.67, 0.00
2548, 105.95, 0.00
2549, -69.67, 0.00
2550, 121.62, 0.00
2551, 78.01, 0.00
2552, 97.32, 0.00
2553, 92.98, 0.00
2554, -58.63, 0.00
2555, 45.75, 0.00
2556, -200.07, 0.00
2557, -48.82, 0.00
2558, -77.81, 0.00
2559, 71.93, 0.00
2560, -159.55, 0.00
2561, 163.41, 0.00
2562, -123.61, 0.00
2563, -104.45, 0.00
2564, -59.19, 0.00
2565, 151.68, 0.00
2566, -91.40, 0.00
2567, -230.47, 0.00
2568, 140.15, 0.00
2569, 100.20, 0.00
2570, -67.82, 0.00
2571, -10.82, 0.00
2572, 58.14, 0.00
2573, -36.25, 0.00
2574, -38.82, 0.00
2575, -1.07, 0.00
2576, 164.89, 0.00
2577, -227.32, 0.00
2578, 8.85, 0.00
2579, -104.09, 0.00
2580, 157.51, 0.00
2581, 21.21, 0.00
2582, -52.97, 0.00
2583, 207.85, 0.00
2584, -10.71, 0.00
2585, 109.03, 0.00
2586, 141.73, 0.00
2587, -69.49, 0.00
2588, 94.55, 0.00
2589, -6.10, 0.00
2590, -200.12, 0.00
2591, -16.65, 0.00
2592, -97.43, 0.00
2593, 75.41, 0.00
2594, -99.20, 0.00
2595, -102.59, 0.00
2596, 121.79, 0.00
2597, -125.08, 0.00
2598, -176.60, 0.00
2599, 19.20, 0.00
2600, 66.25, 0.00
2601, 36.79, 0.00
2602, 259.06, 0.00
2603, 321.42, 0.00
2604, 157.87, 0.00
2605, 332.33, 0.00
2606, -45.71, 0.00
2607, 5.12, 0.00
2608, -161.16, 0.00
2609, 247.37, 0.00
2610, -73.45, 0.00
2611, 1.65, 0.00
2612, 93.34, 0.00
2613, 21.08, 0.00
2614, 112.00, 0.00
2615, 36.84, 0.00
2616, -154.36, 0.00
2617, -153.00, 0.00
2618, -43.61, 0.00
2619, 49.49, 0.00
2620, 72.06, 0.00
2621, -23.72, 0.00
2622, 131.25, 0.00
2623, 0.58, 0.00
2624, -223.23, 0.00
2625, -17.01, 0.00
2626, -102.89, 0.00
2627, 368.02, 0.00
2628, -115.22, 0.00
2629, -61.91, 0.00
2630, 231.74, 0.00
2631, 16.38, 0.00
2632, -73.29, 0.00
2633, 40.50, 0.00
2634, 36.66, 0.00
2635, -124.25, 0.00
2636, 94.48, 0.00
2637, 41.04, 0.00
2638, 159.14, 0.00
2639, -157.02, 0.00
2640, 55.16, 0.00
2641, -79.68, 0.00
2642, -39.14, 0.00
2643, 111.16, 0.00
2644, -24.65, 0.00
2645, -64.62, 0.00
2646, 15.24, 0.00
2647, -12.94, 0.00
2648, -137.06, 0.00
2649, 83.91, 0.00
2650, -12.92, 0.00
2651, -266.54, 0.00
2652, -66.94, 0.00
2653, 206.08, 0.00
2654, -160.57, 0.00
2655, 151.46, 0.00
2656, -120.23, 0.00
2657, -20.34, 0.00
2658, -61.09, 0.00
2659, -12.34, 0.00
2660, -157.56, 0.00
2661, 159.35, 0.00
2662, -122.38, 0.00
2663, 64.28, 0.00
2664, -178.66, 0.00
2665, -34.24, 0.00
2666, -42.56, 0.00
2667, -91.42, 0.00
2668, 71.32, 0.00
2669, 155.90, 0.00
2670, 26.40, 0.00
2671, 148.01, 0.00
2672, -62.07, 0.00
2673, 106.89, 0.00
2674, 3.96, 0.00
2675, -81.87, 0.00
2676, 88.04, 0.00
2677, 179.24, 0.00
2678, 47.32, 0.00
2679, 164.73, 0.00
2680, -31.36, 0.00
2681, 76.80, 0.00
2682, 114.55, 0.00
2683, -255.08, 0.00
2684, -25.84, 0.00
2685, -1.72, 0.00
2686, -164.20, 0.00
2687, 144.95, 0.00
2688, -42.11, 0.00
2689, -48.50, 0.00
2690, -33.28, 0.00
2691, 106.35, 0.00
2692, 74.59, 0.00
2693, 52.84, 0.00
2694, -87.13, 0.00
2695, -203.04, 0.00
2696, 34.31, 0.00
2697, 110.44, 0.00
2698, -102.30, 0.00
2699, -98.30, 0.00
2700, 86.66, 0.00
2701, 82.32, 0.00
2702, -45.06, 0.00
2703, -14.57, 0.00
2704, -5.68, 0.00
2705, -1.34, 0.00
2706, -75.53, 0.00
2707, -19.29, 0.00
2708, -15.07, 0.00
2709, -149.94, 0.00
2710, -124.97, 0.00
2711, -46.07, 0.00
2712, 78.61, 0.00
2713, -47.86, 0.00
2714, 155.10, 0.00
2715, 103.67, 0.00
2716, -110.04, 0.00
2717, -94.86, 0.00
2718, 31.02, 0.00
2719, 66.38, 0.00
2720, 20.34, 0.00
2721, -151.30, 0.00
2722, 89.41, 0.00
2723, -110.60, 0.00
2724, -74.81, 0.00
2725, 78.03, 0.00
2726, -204.70, 0.00
2727, -38.87, 0.00
2728, 19.76, 0.00
2729, 102.62, 0.00
2730, 68.22, 0.00
2731, 103.22, 0.00
2732, -77.38, 0.00
2733, 15.45, 0.00
2734, 128.34, 0.00
2735, 59.70, 0.00
2736, 23.94, 0.00
2737, -46.89, 0.00
2738, -168.38, 0.00
2739, -151.46, 0.00
2740, 10.48, 0.00
2741, -131.50, 0.00
2742, -3.51, 0.00
2743, 171.06, 0.00
2744, 74.68, 0.00
2745, 177.16, 0.00
2746, -46.96, 0.00
2747, -190.97, 0.00
2748, -94.70, 0.00
2749, -97.61, 0.00
2750, 57.62, 0.00
2751, 70.65, 0.00
2752, -80.22, 0.00
2753, -66.38, 0.00
2754, 250.23, 0.00
2755, 137.57, 0.00
2756, 60.10, 0.00
2757, -0.72, 0.00
2758, -55.79, 0.00
2759, -28.30, 0.00
2760, -34.49, 0.00
2761, -34.47, 0.00
2762, -41.04, 0.00
2763, 42.07, 0.00
2764, 71.99, 0.00
2765, -113.88, 0.00
2766, 246.09, 0.00
2767, 2.39, 0.00
2768, -45.24, 0.00
2769, 76.40, 0.00
2770, 83.80, 0.00
2771, 41.84, 0.00
2772, -11.69, 0.00
2773, 46.85, 0.00
2774, 111.85, 0.00
2775, -252.55, 0.00
2776, -258.50, 0.00
2777, 88.04, 0.00
2778, -113.35, 0.00
2779, -89.97, 0.00
2780, -80.40, 0.00
2781, 105.68, 0.00
2782, 133.46, 0.00
2783, 78.43, 0.00
2784, 60.68, 0.00
2785, -58.38, 0.00
2786, -92.02, 0.00
2787, 80.47, 0.00
2788, -19.20, 0.00
2789, 52.55, 0.00
2790, 169.83, 0.00
2791, -132.59, 0.00
2792, -5.23, 0.00
2793, 30.96, 0.00
2794, 87.60, 0.00
2795, 54.72, 0.00
2796, 87.57, 0.00
2797, -30.67, 0.00
2798, -6.06, 0.00
2799, 84.44, 0.00
2800, 131.50, 0.00
2801, -9.21, 0.00
2802, 20.54, 0.00
2803, 68.22, 0.00
2804, 70.03, 0.00
2805, 98.64, 0.00
2806, 15.13, 0.00
2807, -20.83, 0.00
2808, 142.51, 0.00
2809, -103.98, 0.00
2810, 68.91, 0.00
2811, 24.18, 0.00
2812, -68.22, 0.00
2813, 2.03, 0.00
2814, -69.40, 0.00
2815, 137.89, 0.00
2816, 112.92, 0.00
2817, 56.06, 0.00
2818, 196.11, 0.00
2819, -192.81, 0.00
2820, -141.51, 0.00
2821, -91.37, 0.00
2822, -148.35, 0.00
2823, 4.25, 0.00
2824, 110.51, 0.00
2825, 38.98, 0.00
2826, -14.75, 0.00
2827, 105.72, 0.00
2828, 0.45, 0.00
2829, -35.29, 0.00
2830, -4.22, 0.00
2831, 83.98, 0.00
2832, -69.42, 0.00
2833, 195.76, 0.00
2834, -184.51, 0.00
2835, 148.97, 0.00
2836, -200.47, 0.00
2837, 0.11, 0.00
2838, -105.48, 0.00
2839, 70.07, 0.00
2840, 45.33, 0.00
2841, 79.95, 0.00
2842, -192.40, 0.00
2843, 19.74, 0.00
2844, 194.26, 0.00
2845, -86.77, 0.00
2846, 0.51, 0.00
2847, 105.66, 0.00
2848, -38.29, 0.00
2849, -88.38, 0.00
2850, -70.10, 0.00
2851, 15.96, 0.00
2852, -127.25, 0.00
2853, -35.54, 0.00
2854, -101.05, 0.00
2855, 60.66, 0.00
2856, 270.88, 0.00
2857, -119.65, 0.00
2858, 7.02, 0.00
2859, -25.03, 0.00
2860, -120.12, 0.00
2861, 42.36, 0.00
2862, -37.13, 0.00
2863, 200.74, 0.00
2864, 34.56, 0.00
2865, 62.90, 0.00
2866, -91.75, 0.00
2867, -214.98, 0.00
2868, -110.73, 0.00
2869, 214.64, 0.00
2870, -136.48, 0.00
2871, -57.78, 0.00
2872, -138.92, 0.00
2873, -206.35, 0.00
2874, 108.88, 0.00
2875, -13.01, 0.00
2876, 143.68, 0.00
2877, 0.60, 0.00
2878, 95.17, 0.00
2879, -156.13, 0.00
2880, 38.20, 0.00
2881, -115.04, 0.00
2882, -241.33, 0.00
2883, 113.39, 0.00
2884, 134.02, 0.00
2885, -85.90, 0.00
2886, 160.26, 0.00
2887, 88.09, 0.00
2888, 95.26, 0.00
2889, -161.85, 0.00
2890, -2.30, 0.00
2891, -271.48, 0.00
2892, -82.88, 0.00
2893, 159.55, 0.00
2894, 155.46, 0.00
2895, -155.79, 0.00
2896, -59.66, 0.00
2897, 129.62, 0.00
2898, -124.50, 0.00
2899, -106.62, 0.00
2900, 164.93, 0.00
2901, -155.08, 0.00
2902, 113.77, 0.00
2903, 57.91, 0.00
2904, 238.74, 0.00
2905, -37.13, 0.00
2906, 47.41, 0.00
2907, 91.40, 0.00
2908, 38.89, 0.00
2909, -19.92, 0.00
2910, 151.97, 0.00
2911, 41.73, 0.00
2912, 179.13, 0.00
2913, 127.56, 0.00
2914, -29.57, 0.00
2915, -64.02, 0.00
2916, -43.83, 0.00
2917, -24.25, 0.00
2918, -5.23, 0.00
2919, 340.91, 0.00
2920, -59.43, 0.00
2921, -1.97, 0.00
2922, 165.43, 0.00
2923, -159.43, 0.00
2924, -33.97, 0.00
2925, -296.12, 0.00
2926, 56.51, 0.00
2927, -163.66, 0.00
2928, -51.01, 0.00
2929, -33.39, 0.00
2930, 68.31, 0.00
2931, 87.73, 0.00
2932, 119.60, 0.00
2933, 280.45, 0.00
2934, 128.84, 0.00
2935, 85.99, 0.00
2936, -16.38, 0.00
2937, -191.78, 0.00
2938, -19.18, 0.00
2939, 51.92, 0.00
2940, 96.18, 0.00
2941, -24.83, 0.00
2942, -195.38, 0.00
2943, -59.88, 0.00
2944, 29.28, 0.00
2945, -12.67, 0.00
2946, 101.41, 0.00
2947, 39.41, 0.00
2948, -87.33, 0.00
2949, -146.90, 0.00
2950, 19.45, 0.00
2951, 184.42, 0.00
2952, -138.31, 0.00
2953, -34.80, 0.00
2954, -10.80, 0.00
2955, -122.69, 0.00
2956, -69.09, 0.00
2957, -34.51, 0.00
2958, 155.66, 0.00
2959, -24.39, 0.00
2960, 91.60, 0.00
2961, 126.29, 0.00
2962, -150.32, 0.00
2963, -90.75, 0.00
2964, 128.79, 0.00
2965, 93.10, 0.00
2966, 46.09, 0.00
2967, 173.52, 0.00
2968, 152.62, 0.00
2969, 83.22, 0.00
2970, -136.77, 0.00
2971, -78.34, 0.00
2972, -3.64, 0.00
2973, -143.68, 0.00
2974, -37.13, 0.00
2975, 28.74, 0.00
2976, 139.65, 0.00
2977, -157.29, 0.00
2978, 17.93, 0.00
2979, 138.71, 0.00
2980, 82.43, 0.00
2981, 99.02, 0.00
2982, 27.69, 0.00
2983, -126.22, 0.00
2984, 25.68, 0.00
2985, 180.69, 0.00
2986, 45.35, 0.00
2987, -48.26, 0.00
2988, -58.43, 0.00
2989, -45.08, 0.00
2990, -127.78, 0.00
2991, -53.60, 0.00
2992, -63.68, 0.00
2993, 2.79, 0.00
2994, 33.08, 0.00
2995, -60.62, 0.00
2996, -64.37, 0.00
2997, 56.82, 0.00
2998, 57.38, 0.00
2999, 115.22, 0.00
3000, 135.36, 0.00
3001, 24.16, 0.00
3002, 111.94, 0.00
3003, 73.49, 0.00
3004, -133.91, 0.00
3005, -18.89, 0.00
3006, 113.73, 0.00
3007, -21.57, 0.00
3008, 144.66, 0.00
3009, 75.24, 0.00
3010, -108.74, 0.00
3011, 66.03, 0.00
3012, 96.87, 0.00
3013, -57.89, 0.00
3014, 129.53, 0.00
3015, -89.70, 0.00
3016, 83.89, 0.00
3017, 188.16, 0.00
3018, 84.27, 0.00
3019, -23.58, 0.00
3020, 97.65, 0.00
3021, -66.74, 0.00
3022, -28.10, 0.00
3023, 44.57, 0.00
3024, -124.14, 0.00
3025, 21.88, 0.00
3026, -134.45, 0.00
3027, -25.17, 0.00
3028, 68.22, 0.00
3029, -193.63, 0.00
3030, -7.06, 0.00
3031, -38.58, 0.00
3032, -4.11, 0.00
3033, 21.50, 0.00
3034, 111.67, 0.00
3035, -103.00, 0.00
3036, 18.91, 0.00
3037, 48.64, 0.00
3038, -138.20, 0.00
3039, 26.17, 0.00
3040, -50.78, 0.00
3041, -9.01, 0.00
3042, 65.04, 0.00
3043, -48.03, 0.00
3044, -4.29, 0.00
3045, -105.90, 0.00
3046, -127.70, 0.00
3047, -173.61, 0.00
3048, -203.09, 0.00
3049, 5.95, 0.00
3050, 23.72, 0.00
3051, -0.09, 0.00
3052, -254.09, 0.00
3053, -112.27, 0.00
3054, -40.08, 0.00
3055, -79.35, 0.00
3056, -39.94, 0.00
3057, -52.86, 0.00
3058, -110.53, 0.00
3059, -94.32, 0.00
3060, -46.85, 0.00
3061, 38.91, 0.00
3062, 169.94, 0.00
3063, 83.53, 0.00
3064, -16.43, 0.00
3065, -43.81, 0.00
3066, 53.20, 0.00
3067, -56.62, 0.00
3068, -77.72, 0.00
3069, -2.32, 0.00
3070, 118.98, 0.00
3071, -0.31, 0.00
3072, -113.32, 0.00
3073, 110.06, 0.00
3074, -19.54, 0.00
3075, -33.24, 0.00
3076, -169.45, 0.00
3077, 28.81, 0.00
3078, 30.31, 0.00
3079, -50.38, 0.00
3080, 109.97, 0.00
3081, 46.11, 0.00
3082, -61.02, 0.00
3083, 25.06, 0.00
3084, 101.23, 0.00
3085, 99.22, 0.00
3086, 138.85, 0.00
3087, -60.04, 0.00
3088, -3.33, 0.00
3089, 0.34, 0.00
3090, -18.60, 0.00
3091, 75.28, 0.00
3092, 20.07, 0.00
3093, 115.98, 0.00
3094, -94.30, 0.00
3095, 29.86, 0.00
3096, -44.88, 0.00
3097, -36.32, 0.00
3098, -141.93, 0.00
3099, 110.08, 0.00
3100, -164.17, 0.00
3101, 99.91, 0.00
3102, 107.67, 0.00
3103, -83.33, 0.00
3104, 91.58, 0.00
3105, -74.63, 0.00
3106, 181.83, 0.00
3107, 109.64, 0.00
3108, 81.36, 0.00
3109, 257.22, 0.00
3110, 9.57, 0.00
3111, -46.67, 0.00
3112, 157.76, 0.00
3113, -201.05, 0.00
3114, -37.39, 0.00
3115, 75.82, 0.00
3116, 45.78, 0.00
3117, 50.58, 0.00
3118, -83.01, 0.00
3119, -305.68, 0.00
3120, 181.36, 0.00
3121, -57.24, 0.00
3122, 92.00, 0.00
3123, -115.29, 0.00
3124, -1.79, 0.00
3125, -118.82, 0.00
3126, -3.87, 0.00
3127, 157.80, 0.00
3128, 62.05, 0.00
3129, 0.04, 0.00
3130, 5.05, 0.00
3131, -144.82, 0.00
3132, -11.96, 0.00
3133, -5.50, 0.00
3134, -48.28, 0.00
3135, -42.58, 0.00
3136, 188.87, 0.00
3137, -67.46, 0.00
3138, 32.97, 0.00
3139, 137.62, 0.00
3140, 169.76, 0.00
3141, -73.83, 0.00
3142, -49.26, 0.00
3143, 201.03, 0.00
3144, -249.22, 0.00
3145, 47.90, 0.00
3146, 13.52, 0.00
3147, 43.65, 0.00
3148, 162.54, 0.00
3149, 39.43, 0.00
3150, -53.42, 0.00
3151, -168.93, 0.00
3152, 54.20, 0.00
3153, -95.78, 0.00
3154, -79.01, 0.00
3155, -79.84, 0.00
3156, -27.72, 0.00
3157, -180.78, 0.00
3158, 118.33, 0.00
3159, 248.31, 0.00
3160, 93.61, 0.00
3161, 55.52, 0.00
3162, 169.23, 0.00
3163, 33.64, 0.00
3164, 61.94, 0.00
3165, 41.26, 0.00
3166, 29.88, 0.00
3167, 21.77, 0.00
3168, 5.81, 0.00
3169, -53.78, 0.00
3170, 43.27, 0.00
3171, -99.60, 0.00
3172, -104.96, 0.00
3173, -98.75, 0.00
3174, 27.09, 0.00
3175, -58.54, 0.00
3176, -212.07, 0.00
3177, -163.55, 0.00
3178, -54.56, 0.00
3179, -82.50, 0.00
3180, -26.46, 0.00
3181, 79.28, 0.00
3182, -0.58, 0.00
3183, 15.00, 0.00
3184, 101.32, 0.00
3185, -50.11, 0.00
3186, 32.88, 0.00
3187, -133.31, 0.00
3188, 34.67, 0.00
3189, -97.36, 0.00
3190, 55.32, 0.00
3191, -146.63, 0.00
3192, 73.34, 0.00
3193, -123.18, 0.00
3194, -70.83, 0.00
3195, 164.73, 0.00
3196, 22.69, 0.00
3197, -83.37, 0.00
3198, -72.58, 0.00
3199, -45.02, 0.00
3200, -24.18, 0.00
3201, 33.75, 0.00
3202, 9.03, 0.00
3203, -108.43, 0.00
3204, -146.47, 0.00
3205, 10.10, 0.00
3206, -144.21, 0.00
3207, -60.51, 0.00
3208, -58.38, 0.00
3209, -125.64, 0.00
3210, -293.14, 0.00
3211, 124.52, 0.00
3212, -40.64, 0.00
3213, -89.97, 0.00
3214, 63.34, 0.00
3215, -214.49, 0.00
3216, 164.73, 0.00
3217, 44.55, 0.00
3218, -148.68, 0.00
3219, -20.45, 0.00
3220, -95.69, 0.00
3221, -140.73, 0.00
3222, 109.26, 0.00
3223, 61.62, 0.00
3224, 273.67, 0.00
3225, -180.94, 0.00
3226, 94.37, 0.00
3227, 259.26, 0.00
3228, 60.33, 0.00
3229, 33.53, 0.00
3230, 158.81, 0.00
3231, -177.47, 0.00
3232, 40.03, 0.00
3233, 38.29, 0.00
3234, 33.46, 0.00
3235, 4.90, 0.00
3236, 182.66, 0.00
3237, 116.85, 0.00
3238, -52.75, 0.00
3239, -146.25, 0.00
3240, 40.99, 0.00
3241, 133.60, 0.00
3242, 149.13, 0.00
3243, 71.95, 0.00
3244, -12.54, 0.00
3245, -131.36, 0.00
3246, -79.19, 0.00
3247, -32.52, 0.00
3248, -224.43, 0.00
3249, -130.67, 0.00
3250, -6.68, 0.00
3251, -123.00, 0.00
3252, 61.85, 0.00
3253, 115.80, 0.00
3254, -111.51, 0.00
3255, 58.14, 0.00
3256, -43.83, 0.00
3257, -64.31, 0.00
3258, -11.33, 0.00
3259, -27.07, 0.00
3260, 115.60, 0.00
3261, -71.35, 0.00
3262, -45.78, 0.00
3263, -71.50, 0.00
3264, 271.77, 0.00
3265, 191.87, 0.00
3266, 4.81, 0.00
3267, 79.06, 0.00
3268, 15.71, 0.00
3269, 64.66, 0.00
3270, -19.22, 0.00
3271, -9.21, 0.00
3272, -76.87, 0.00
3273, 58.11, 0.00
3274, 2.39, 0.00
3275, -29.53, 0.00
3276, -152.86, 0.00
3277, -185.94, 0.00
3278, 30.58, 0.00
3279, 125.66, 0.00
3280, -20.76, 0.00
3281, 167.62, 0.00
3282, -105.61, 0.00
3283, -1.25, 0.00
3284, 23.36, 0.00
3285, 3.73, 0.00
3286, -52.17, 0.00
3287, -138.49, 0.00
3288, -104.16, 0.00
3289, -55.79, 0.00
3290, 4.56, 0.00
3291, 42.24, 0.00
3292, -195.64, 0.00
3293, 2.88, 0.00
3294, 6.01, 0.00
3295, 195.82, 0.00
3296, 235.21, 0.00
3297, 130.27, 0.00
3298, -93.10, 0.00
3299, 186.32, 0.00
3300, 31.47, 0.00
3301, -69.13, 0.00
3302, 121.91, 0.00
3303, -26.31, 0.00
3304, -68.28, 0.00
3305, 6.46, 0.00
3306, 65.29, 0.00
3307, 219.92, 0.00
3308, 75.79, 0.00
3309, -43.56, 0.00
3310, -52.82, 0.00
3311, -80.33, 0.00
3312, -99.76, 0.00
3313, 86.39, 0.00
3314, 13.01, 0.00
3315, -144.84, 0.00
3316, -113.26, 0.00
3317, -104.92, 0.00
3318, 74.16, 0.00
3319, -49.82, 0.00
3320, -110.73, 0.00
3321, 107.53, 0.00
3322, -166.23, 0.00
3323, 133.93, 0.00
3324, -36.10, 0.00
3325, -283.51, 0.00
3326, 86.01, 0.00
3327, -39.45, 0.00
3328, -95.33, 0.00
3329, -17.50, 0.00
3330, -30.20, 0.00
3331, 4.67, 0.00
3332, -207.02, 0.00
3333, -159.55, 0.00
3334, -157.22, 0.00
3335, 165.96, 0.00
3336, -52.28, 0.00
3337, -69.47, 0.00
3338, 182.68, 0.00
3339, -6.26, 0.00
3340, 181.54, 0.00
3341, -58.27, 0.00
3342, -61.82, 0.00
3343, -77.52, 0.00
3344, -7.40, 0.00
3345, -42.96, 0.00
3346, 45.08, 0.00
3347, 153.22, 0.00
3348, -55.19, 0.00
3349, 101.99, 0.00
3350, 157.51, 0.00
3351, 45.71, 0.00
3352, -35.07, 0.00
3353, 8.00, 0.00
3354, -27.94, 0.00
3355, -53.00, 0.00
3356, 85.83, 0.00
3357, -48.24, 0.00
3358, -152.57, 0.00
3359, -23.83, 0.00
3360, 62.34, 0.00
3361, 162.41, 0.00
3362, -41.42, 0.00
3363, -79.08, 0.00
3364, 53.55, 0.00
3365, 32.77, 0.00
3366, 96.74, 0.00
3367, -32.07, 0.00
3368, -172.04, 0.00
3369, -89.81, 0.00
3370, -18.02, 0.00
3371, -225.39, 0.00
3372, 209.93, 0.00
3373, 206.51, 0.00
3374, -194.68, 0.00
3375, -5.63, 0.00
3376, 46.85, 0.00
3377, -110.40, 0.00
3378, 148.59, 0.00
3379, -21.37, 0.00
3380, 114.08, 0.00
3381, 32.37, 0.00
3382, 41.73, 0.00
3383, -122.96, 0.00
3384, 115.22, 0.00
3385, -59.70, 0.00
3386, 5.12, 0.00
3387, 303.67, 0.00
3388, -37.19, 0.00
3389, -30.09, 0.00
3390, -31.63, 0.00
3391, 23.49, 0.00
3392, -44.50, 0.00
3393, -214.87, 0.00
3394, 145.64, 0.00
3395, 238.02, 0.00
3396, 141.17, 0.00
3397, 10.55, 0.00
3398, -102.80, 0.00
3399, 27.09, 0.00
3400, 145.93, 0.00
3401, 153.15, 0.00
3402, -228.68, 0.00
3403, -67.66, 0.00
3404, -34.69, 0.00
3405, 58.87, 0.00
3406, 47.03, 0.00
3407, -21.17, 0.00
3408, 42.62, 0.00
3409, -142.07, 0.00
3410, -177.83, 0.00
3411, -73.36, 0.00
3412, 123.47, 0.00
3413, -118.37, 0.00
3414, -35.92, 0.00
3415, -161.74, 0.00
3416, -71.30, 0.00
3417, 70.32, 0.00
3418, 30.38, 0.00
3419, -6.33, 0.00
3420, 127.49, 0.00
3421, -196.40, 0.00
3422, -15.85, 0.00
3423, 213.21, 0.00
3424, -47.07, 0.00
3425, -13.66, 0.00
3426, -27.36, 0.00
3427, 15.38, 0.00
3428, 142.87, 0.00
3429, 76.40, 0.00
3430, 116.14, 0.00
3431, -148.06, 0.00
3432, -44.17, 0.00
3433, 47.92, 0.00
3434, 88.74, 0.00
3435, -109.01, 0.00
3436, -37.31, 0.00
3437, -0.07, 0.00
3438, -70.83, 0.00
3439, -161.69, 0.00
3440, -127.02, 0.00
3441, -125.91, 0.00
3442, 116.65, 0.00
3443, 142.76, 0.00
3444, -124.28, 0.00
3445, -4.14, 0.00
3446, -211.74, 0.00
3447, -251.41, 0.00
3448, 130.06, 0.00
3449, -60.31, 0.00
3450, -125.66, 0.00
3451, -83.19, 0.00
3452, -25.32, 0.00
3453, 125.55, 0.00
3454, 74.79, 0.00
3455, -22.26, 0.00
3456, 113.03, 0.00
3457, 92.45, 0.00
3458, 255.39, 0.00
3459, 31.07, 0.00
3460, 179.78, 0.00
3461, -51.25, 0.00
3462, 84.80, 0.00
3463, 2.26, 0.00
3464, 122.00, 0.00
3465, 5.41, 0.00
3466, -18.89, 0.00
3467, 63.03, 0.00
3468, 14.26, 0.00
3469, -106.66, 0.00
3470, -64.02, 0.00
3471, -185.47, 0.00
3472, -49.98, 0.00
3473, 36.03, 0.00
3474, 287.64, 0.00
3475, 77.67, 0.00
3476, 69.63, 0.00
3477, 76.51, 0.00
3478, -197.30, 0.00
3479, 63.32, 0.00
3480, 37.66, 0.00
3481, -281.92, 0.00
3482, -140.39, 0.00
3483, -38.24, 0.00
3484, -115.63, 0.00
3485, -46.76, 0.00
3486, 109.99, 0.00
3487, 208.32, 0.00
3488, -41.80, 0.00
3489, -36.90, 0.00
3490, -102.62, 0.00
3491, 98.39, 0.00
3492, 95.31, 0.00
3493, 154.96, 0.00
3494, -13.17, 0.00
3495, 19.83, 0.00
3496, -117.39, 0.00
3497, -224.79, 0.00
3498, 14.44, 0.00
3499, -68.49, 0.00
3500, -91.64, 0.00
3501, -66.99, 0.00
3502, 123.25, 0.00
3503, -173.74, 0.00
3504, 25.46, 0.00
3505, -75.03, 0.00
3506, -36.81, 0.00
3507, 59.10, 0.00
3508, 97.36, 0.00
3509, 201.55, 0.00
3510, -173.87, 0.00
3511, -89.14, 0.00
3512, 38.65, 0.00
3513, 244.06, 0.00
3514, -91.69, 0.00
3515, 77.52, 0.00
3516, -30.00, 0.00
3517, 112.00, 0.00
3518, 36.59, 0.00
3519, 129.39, 0.00
3520, 96.38, 0.00
3521, 211.02, 0.00
3522, 109.01, 0.00
3523, -5.48, 0.00
3524, -68.24, 0.00
3525, 117.06, 0.00
3526, -81.61, 0.00
3527, 90.61, 0.00
3528, 135.59, 0.00
3529, -29.68, 0.00
3530, -49.31, 0.00
3531, 201.39, 0.00
3532, -96.98, 0.00
3533, 126.80, 0.00
3534, 50.60, 0.00
3535, -210.82, 0.00
3536, 239.52, 0.00
3537, -84.13, 0.00
3538, 107.56, 0.00
3539, -249.89, 0.00
3540, -94.03, 0.00
3541, -22.53, 0.00
3542, 38.00, 0.00
3543, -35.83, 0.00
3544, 79.46, 0.00
3545, 46.56, 0.00
3546, 3.13, 0.00
3547, 79.42, 0.00
3548, -51.30, 0.00
3549, 96.20, 0.00
3550, 24.43, 0.00
3551, 68.33, 0.00
3552, 13.17, 0.00
3553, 100.43, 0.00
3554, 164.31, 0.00
3555, 98.03, 0.00
3556, -51.61, 0.00
3557, -65.29, 0.00
3558, -5.86, 0.00
3559, 29.93, 0.00
3560, 54.38, 0.00
3561, 122.38, 0.00
3562, 70.43, 0.00
3563, -79.62, 0.00
3564, 55.19, 0.00
3565, -95.93, 0.00
3566, -118.11, 0.00
3567, 91.64, 0.00
3568, -98.28, 0.00
3569, 217.21, 0.00
3570, -80.56, 0.00
3571, -126.51, 0.00
3572, -28.63, 0.00
3573, 159.97, 0.00
3574, -255.15, 0.00
3575, -31.36, 0.00
3576, -320.79, 0.00
3577, 283.82, 0.00
3578, 75.39, 0.00
3579, -149.02, 0.00
3580, 246.96, 0.00
3581, -135.81, 0.00
3582, 50.83, 0.00
3583, -74.74, 0.00
3584, 156.62, 0.00
3585, 2.93, 0.00
3586, 88.18, 0.00
3587, -60.84, 0.00
3588, -186.93, 0.00
3589, 180.04, 0.00
3590, -76.44, 0.00
3591, 89.79, 0.00
3592, -48.12, 0.00
3593, -12.27, 0.00
3594, -88.96, 0.00
3595, -249.51, 0.00
3596, 62.61, 0.00
3597, -56.33, 0.00
3598, -97.74, 0.00
3599, -39.54, 0.00
3600, -46.76, 0.00
3601, 58.72, 0.00
3602, -114.89, 0.00
3603, 173.40, 0.00
3604, 130.29, 0.00
3605, -250.56, 0.00
3606, 11.35, 0.00
3607, 161.69, 0.00
3608, -16.76, 0.00
3609, -51.86, 0.00
3610, -6.62, 0.00
3611, 196.54, 0.00
3612, 133.95, 0.00
3613, -83.28, 0.00
3614, -75.86, 0.00
3615, -81.27, 0.00
3616, 145.69, 0.00
3617, -87.02, 0.00
3618, -39.14, 0.00
3619, 191.98, 0.00
3620, -162.25, 0.00
3621, -37.04, 0.00
3622, -196.56, 0.00
3623, -32.86, 0.00
3624, 56.19, 0.00
3625, -42.96, 0.00
3626, -90.84, 0.00
3627, 18.64, 0.00
3628, 84.47, 0.00
3629, -138.94, 0.00
3630, 19.87, 0.00
3631, 15.15, 0.00
3632, -43.25, 0.00
3633, 7.42, 0.00
3634, -92.74, 0.00
3635, 8.11, 0.00
3636, 178.97, 0.00
3637, 36.37, 0.00
3638, -4.43, 0.00
3639, -37.98, 0.00
3640, 68.15, 0.00
3641, 15.94, 0.00
3642, 29.64, 0.00
3643, 32.41, 0.00
3644, -38.18, 0.00
3645, 35.29, 0.00
3646, 145.13, 0.00
3647, 131.56, 0.00
3648, 137.44, 0.00
3649, -134.58, 0.00
3650, 220.01, 0.00
3651, -62.25, 0.00
3652, 15.56, 0.00
3653, -5.45, 0.00
3654, -173.74, 0.00
3655, -108.58, 0.00
3656, -126.82, 0.00
3657, -161.87, 0.00
3658, -101.28, 0.00
3659, 13.72, 0.00
