%OpenBCI Raw EEG Data
%
%Sample Rate = 250.0 Hz
%First Column = SampleIndex
%Other Columns = EEG data in microvolts
-29, -2513.30, 0.00
-28, -3658.51, 0.00
-27, -3827.22, 0.00
-26, -3079.69, 0.00
-25, -2892.11, 0.00
-24, -3353.28, 0.00
-23, -3518.77, 0.00
-22, -3243.06, 0.00
-21, -3113.58, 0.00
-20, -3254.19, 0.00
-19, -3335.42, 0.00
-18, -3262.13, 0.00
-17, -3213.42, 0.00
-16, -3229.60, 0.00
-15, -3238.32, 0.00
-14, -3231.88, 0.00
-13, -3236.93, 0.00
-12, -3218.67, 0.00
-11, -3184.92, 0.00
-10, -3188.50, 0.00
-9, -3217.78, 0.00
-8, -3200.90, 0.00
-7, -3150.79, 0.00
-6, -3145.49, 0.00
-5, -3177.10, 0.00
-4, -3170.55, 0.00
-3, -3121.29, 0.00
-2, -3105.51, 0.00
-1, -3129.82, 0.00
0, -3089.01, 0.00
-29, -3066.28, 0.00
-28, -3079.47, 0.00
-27, -3083.60, 0.00
-26, -3050.25, 0.00
-25, -3024.64, 0.00
-24, -3027.32, 0.00
-23, -3030.49, 0.00
-22, -3005.46, 0.00
-21, -2980.14, 0.00
-20, -2974.99, 0.00
-19, -2975.11, 0.00
-18, -2955.79, 0.00
-17, -2932.10, 0.00
-16, -2922.02, 0.00
-15, -2918.20, 0.00
-14, -2903.67, 0.00
-13, -2881.25, 0.00
-12, -2868.33, 0.00
-11, -2860.49, 0.00
-10, -2847.16, 0.00
-9, -2826.13, 0.00
-8, -2811.54, 0.00
-7, -2800.78, 0.00
-6, -2789.16, 0.00
-5, -2770.54, 0.00
-4, -2755.59, 0.00
-3, -2742.09, 0.00
-2, -2729.21, 0.00
-1, -2709.90, 0.00
0, -2694.66, 0.00
-29, -2679.86, 0.00
-28, -2667.73, 0.00
-27, -2651.34, 0.00
-26, -2635.96, 0.00
-25, -2620.59, 0.00
-24, -2606.37, 0.00
-23, -2590.12, 0.00
-22, -2573.65, 0.00
-21, -2558.74, 0.00
-20, -2544.19, 0.00
-19, -2528.54, 0.00
-18, -2511.42, 0.00
-17, -2495.91, 0.00
-16, -2479.70, 0.00
-15, -2464.93, 0.00
-14, -2448.07, 0.00
-13, -2433.23, 0.00
-12, -2416.25, 0.00
-11, -2401.85, 0.00
-10, -2384.69, 0.00
-9, -2369.96, 0.00
-8, -2353.06, 0.00
-7, -2338.57, 0.00
-6, -2321.50, 0.00
-5, -2306.86, 0.00
-4, -2290.03, 0.00
-3, -2275.00, 0.00
-2, -2257.88, 0.00
-1, -2242.48, 0.00
0, -2226.08, 0.00
-29, -2210.74, 0.00
-28, -2194.70, 0.00
-27, -2178.45, 0.00
-26, -2163.38, 0.00
-25, -2147.73, 0.00
-24, -2133.18, 0.00
-23, -2117.76, 0.00
-22, -2103.50, 0.00
-21, -2087.18, 0.00
-20, -2072.72, 0.00
-19, -2056.02, 0.00
-18, -2042.03, 0.00
-17, -2025.85, 0.00
-16, -1995.07, 0.00
-15, -1980.90, 0.00
-14, -1964.83, 0.00
-13, -1951.44, 0.00
-12, -1935.37, 0.00
-11, -1920.84, 0.00
-10, -1905.22, 0.00
-9, -1890.91, 0.00
-8, -1875.27, 0.00
-7, -1861.14, 0.00
-6, -1846.32, 0.00
-5, -1831.81, 0.00
-4, -1818.16, 0.00
-3, -1803.92, 0.00
-2, -1790.42, 0.00
-1, -1775.02, 0.00
0, -1760.87, 0.00
-29, -1745.63, 0.00
-28, -1732.91, 0.00
-27, -1717.71, 0.00
-26, -1705.57, 0.00
-25, -1690.31, 0.00
-24, -1676.51, 0.00
-23, -1660.98, 0.00
-22, -1648.91, 0.00
-21, -1634.38, 0.00
-20, -1622.22, 0.00
-19, -1607.20, 0.00
-18, -1594.22, 0.00
-17, -1579.17, 0.00
-16, -1566.16, 0.00
-15, -1552.37, 0.00
-14, -1539.57, 0.00
-13, -1526.11, 0.00
-12, -1513.48, 0.00
-11, -1500.36, 0.00
-10, -1487.24, 0.00
-9, -1473.99, 0.00
-8, -1460.46, 0.00
-7, -1447.95, 0.00
-6, -1434.09, 0.00
-5, -1422.13, 0.00
-4, -1408.52, 0.00
-3, -1397.10, 0.00
-2, -1383.35, 0.00
-1, -1372.22, 0.00
0, -1357.98, 0.00
-29, -1346.58, 0.00
-28, -1332.66, 0.00
-27, -1321.77, 0.00
-26, -1308.45, 0.00
-25, -1297.34, 0.00
-24, -1284.51, 0.00
-23, -1273.36, 0.00
-22, -1260.73, 0.00
-21, -1249.62, 0.00
-20, -1237.62, 0.00
-19, -1226.48, 0.00
-18, -1214.93, 0.00
-17, -1204.00, 0.00
-16, -1193.49, 0.00
-15, -1181.94, 0.00
-14, -1170.69, 0.00
-13, -1158.45, 0.00
-12, -1147.27, 0.00
-11, -1134.89, 0.00
-10, -1125.03, 0.00
-9, -1113.47, 0.00
-8, -1104.60, 0.00
-7, -1092.91, 0.00
-6, -1083.75, 0.00
-5, -1071.61, 0.00
-4, -1061.48, 0.00
-3, -1049.15, 0.00
-2, -1039.53, 0.00
-1, -1027.64, 0.00
0, -1018.03, 0.00
-29, -1006.48, 0.00
-28, -997.16, 0.00
-27, -985.58, 0.00
-26, -976.61, 0.00
-25, -966.13, 0.00
-24, -955.96, 0.00
-23, -946.37, 0.00
-22, -935.85, 0.00
-21, -926.23, 0.00
-20, -915.88, 0.00
-19, -907.70, 0.00
-18, -897.22, 0.00
-17, -889.00, 0.00
-16, -878.80, 0.00
-15, -870.89, 0.00
-14, -860.74, 0.00
-13, -853.21, 0.00
-12, -843.02, 0.00
-11, -835.64, 0.00
-10, -825.65, 0.00
-9, -818.34, 0.00
-8, -809.36, 0.00
-7, -802.09, 0.00
-6, -792.75, 0.00
-5, -785.10, 0.00
-4, -776.10, 0.00
-3, -768.07, 0.00
-2, -759.65, 0.00
-1, -752.40, 0.00
0, -745.34, 0.00
-29, -738.14, 0.00
-28, -731.19, 0.00
-27, -723.59, 0.00
-26, -716.35, 0.00
-25, -708.08, 0.00
-24, -701.17, 0.00
-23, -692.84, 0.00
-22, -686.98, 0.00
-21, -678.64, 0.00
-20, -672.97, 0.00
-19, -665.21, 0.00
-18, -659.60, 0.00
-17, -651.44, 0.00
-16, -646.05, 0.00
-15, -637.87, 0.00
-14, -631.97, 0.00
-13, -623.86, 0.00
-12, -617.31, 0.00
-11, -609.49, 0.00
-10, -603.21, 0.00
-9, -595.72, 0.00
-8, -589.71, 0.00
-7, -582.35, 0.00
-6, -575.24, 0.00
-5, -568.20, 0.00
-4, -560.60, 0.00
-3, -554.68, 0.00
-2, -541.67, 0.00
-1, -535.30, 0.00
0, -530.27, 0.00
-29, -523.46, 0.00
-28, -518.90, 0.00
-27, -511.43, 0.00
-26, -506.78, 0.00
-25, -499.43, 0.00
-24, -494.82, 0.00
-23, -487.58, 0.00
-22, -483.51, 0.00
-21, -476.85, 0.00
-20, -471.69, 0.00
-19, -464.87, 0.00
-18, -459.86, 0.00
-17, -453.34, 0.00
-16, -448.44, 0.00
-15, -442.88, 0.00
-14, -437.31, 0.00
-13, -431.55, 0.00
-12, -426.34, 0.00
-11, -421.71, 0.00
-10, -416.37, 0.00
-9, -411.34, 0.00
-8, -404.79, 0.00
-7, -400.19, 0.00
-6, -393.77, 0.00
-5, -389.61, 0.00
-4, -383.04, 0.00
-3, -378.41, 0.00
-2, -371.98, 0.00
-1, -367.62, 0.00
0, -357.56, 0.00
-29, -351.59, 0.00
-28, -348.08, 0.00
-27, -342.92, 0.00
-26, -339.63, 0.00
-25, -334.09, 0.00
-24, -330.07, 0.00
-23, -324.79, 0.00
-22, -320.08, 0.00
-21, -314.69, 0.00
-20, -309.86, 0.00
-19, -305.37, 0.00
-18, -300.59, 0.00
-17, -296.47, 0.00
-16, -291.18, 0.00
-15, -287.24, 0.00
-14, -281.90, 0.00
-13, -278.35, 0.00
-12, -273.34, 0.00
-11, -269.99, 0.00
-10, -264.44, 0.00
-9, -261.63, 0.00
-8, -256.37, 0.00
-7, -254.14, 0.00
-6, -249.47, 0.00
-5, -246.67, 0.00
-4, -241.53, 0.00
-3, -238.38, 0.00
-2, -233.71, 0.00
-1, -230.51, 0.00
0, -225.89, 0.00
-29, -222.76, 0.00
-28, -218.98, 0.00
-27, -215.78, 0.00
-26, -212.32, 0.00
-25, -208.25, 0.00
-24, -204.70, 0.00
-23, -200.58, 0.00
-22, -197.72, 0.00
-21, -193.68, 0.00
-20, -190.73, 0.00
-19, -186.12, 0.00
-18, -182.79, 0.00
-17, -178.08, 0.00
-16, -176.06, 0.00
-15, -171.21, 0.00
-14, -169.49, 0.00
-13, -165.05, 0.00
-12, -162.81, 0.00
-11, -158.94, 0.00
-10, -157.71, 0.00
-9, -154.47, 0.00
-8, -152.89, 0.00
-7, -149.62, 0.00
-6, -147.23, 0.00
-5, -144.17, 0.00
-4, -141.98, 0.00
-3, -139.43, 0.00
-2, -137.26, 0.00
-1, -135.43, 0.00
0, -132.34, 0.00
-29, -130.62, 0.00
-28, -127.65, 0.00
-27, -126.58, 0.00
-26, -123.58, 0.00
-25, -122.24, 0.00
-24, -118.06, 0.00
-23, -116.68, 0.00
-22, -113.23, 0.00
-21, -112.03, 0.00
-20, -108.14, 0.00
-19, -106.75, 0.00
-18, -102.97, 0.00
-17, -101.45, 0.00
-16, -98.24, 0.00
-15, -96.27, 0.00
-14, -92.92, 0.00
-13, -91.26, 0.00
-12, -88.38, 0.00
-11, -86.28, 0.00
-10, -83.77, 0.00
-9, -81.11, 0.00
-8, -79.04, 0.00
-7, -76.89, 0.00
-6, -75.03, 0.00
-5, -72.40, 0.00
-4, -70.68, 0.00
-3, -67.46, 0.00
-2, -66.50, 0.00
-1, -63.86, 0.00
0, -63.19, 0.00
-29, -60.06, 0.00
-28, -59.08, 0.00
-27, -55.07, 0.00
-26, -54.81, 0.00
-25, -52.26, 0.00
-24, -51.63, 0.00
-23, -48.57, 0.00
-22, -47.50, 0.00
-21, -43.97, 0.00
-20, -42.27, 0.00
-19, -39.09, 0.00
-18, -37.44, 0.00
-17, -34.65, 0.00
-16, -32.86, 0.00
-15, -30.69, 0.00
-14, -29.06, 0.00
-13, -27.47, 0.00
-12, -25.21, 0.00
-11, -24.52, 0.00
-10, -22.31, 0.00
-9, -21.37, 0.00
-8, -18.78, 0.00
-7, -18.44, 0.00
-6, -15.07, 0.00
-5, -14.33, 0.00
-4, -11.38, 0.00
-3, -11.11, 0.00
-2, -7.47, 0.00
-1, -7.42, 0.00
0, -4.96, 0.00
-29, -4.18, 0.00
-28, -1.45, 0.00
-27, -0.42, 0.00
-26, 2.21, 0.00
-25, 2.97, 0.00
-24, 4.49, 0.00
-23, 5.43, 0.00
-22, 7.09, 0.00
-21, 8.52, 0.00
-20, 10.86, 0.00
-19, 11.69, 0.00
-18, 13.75, 0.00
-17, 14.42, 0.00
-16, 16.90, 0.00
-15, 17.21, 0.00
-14, 19.80, 0.00
-13, 20.14, 0.00
-12, 23.22, 0.00
-11, 23.09, 0.00
-10, 25.95, 0.00
-9, 26.33, 0.00
-8, 29.10, 0.00
-7, 29.21, 0.00
-6, 32.28, 0.00
-5, 32.86, 0.00
-4, 35.00, 0.00
-3, 35.58, 0.00
-2, 37.33, 0.00
-1, 38.04, 0.00
0, 39.58, 0.00
-29, 40.59, 0.00
-28, 41.02, 0.00
-27, 42.20, 0.00
-26, 42.42, 0.00
-25, 43.41, 0.00
-24, 43.72, 0.00
-23, 45.28, 0.00
-22, 44.84, 0.00
-21, 46.09, 0.00
-20, 46.02, 0.00
-19, 48.35, 0.00
-18, 48.12, 0.00
-17, 50.65, 0.00
-16, 50.56, 0.00
-15, 52.57, 0.00
-14, 52.44, 0.00
-13, 54.29, 0.00
-12, 53.82, 0.00
-11, 56.08, 0.00
-10, 55.99, 0.00
-9, 58.20, 0.00
-8, 59.17, 0.00
-7, 60.08, 0.00
-6, 60.24, 0.00
-5, 60.68, 0.00
-4, 61.13, 0.00
-3, 61.31, 0.00
-2, 61.78, 0.00
-1, 62.12, 0.00
0, 63.68, 0.00
-29, 63.55, 0.00
-28, 65.00, 0.00
-27, 64.80, 0.00
-26, 66.21, 0.00
-25, 65.31, 0.00
-24, 67.55, 0.00
-23, 66.27, 0.00
-22, 67.70, 0.00
-21, 66.21, 0.00
-20, 67.84, 0.00
-19, 67.64, 0.00
-18, 69.47, 0.00
-17, 69.72, 0.00
-16, 71.41, 0.00
-15, 71.73, 0.00
-14, 72.80, 0.00
-13, 72.62, 0.00
-12, 73.00, 0.00
-11, 72.42, 0.00
-10, 72.51, 0.00
-9, 73.09, 0.00
-8, 73.45, 0.00
-7, 74.52, 0.00
-6, 73.96, 0.00
-5, 75.62, 0.00
-4, 74.45, 0.00
-3, 75.39, 0.00
-2, 74.74, 0.00
-1, 76.40, 0.00
0, 75.44, 0.00
-29, 77.87, 0.00
-28, 76.82, 0.00
-27, 78.52, 0.00
-26, 77.76, 0.00
-25, 79.62, 0.00
-24, 79.24, 0.00
-23, 80.67, 0.00
-22, 79.86, 0.00
-21, 80.82, 0.00
-20, 80.51, 0.00
-19, 81.25, 0.00
-18, 81.47, 0.00
-17, 82.03, 0.00
-16, 81.85, 0.00
-15, 81.47, 0.00
-14, 81.79, 0.00
-13, 80.94, 0.00
-12, 81.43, 0.00
-11, 80.89, 0.00
-10, 81.76, 0.00
-9, 80.40, 0.00
-8, 81.36, 0.00
-7, 79.48, 0.00
-6, 81.23, 0.00
-5, 80.18, 0.00
-4, 82.28, 0.00
-3, 81.65, 0.00
-2, 83.08, 0.00
-1, 82.17, 0.00
0, 83.73, 0.00
-29, 82.70, 0.00
-28, 83.73, 0.00
-27, 83.17, 0.00
-26, 83.98, 0.00
-25, 84.27, 0.00
-24, 84.74, 0.00
-23, 84.94, 0.00
-22, 84.96, 0.00
-21, 85.41, 0.00
-20, 85.41, 0.00
-19, 86.59, 0.00
-18, 86.28, 0.00
-17, 87.62, 0.00
-16, 86.84, 0.00
-15, 88.85, 0.00
-14, 88.07, 0.00
-13, 90.23, 0.00
-12, 89.72, 0.00
-11, 90.97, 0.00
-10, 90.08, 0.00
-9, 91.96, 0.00
-8, 91.55, 0.00
-7, 93.54, 0.00
-6, 93.16, 0.00
-5, 94.19, 0.00
-4, 93.72, 0.00
-3, 94.59, 0.00
-2, 93.77, 0.00
-1, 94.12, 0.00
0, 93.74, 0.00
-29, 93.90, 0.00
-28, 94.77, 0.00
-27, 94.99, 0.00
-26, 96.22, 0.00
-25, 96.00, 0.00
-24, 97.59, 0.00
-23, 97.01, 0.00
-22, 98.17, 0.00
-21, 96.76, 0.00
-20, 97.97, 0.00
-19, 97.23, 0.00
-18, 99.26, 0.00
-17, 98.35, 0.00
-16, 99.33, 0.00
-15, 97.59, 0.00
-14, 98.50, 0.00
-13, 97.79, 0.00
-12, 99.24, 0.00
-11, 98.62, 0.00
-10, 99.53, 0.00
-9, 99.24, 0.00
-8, 99.73, 0.00
-7, 99.58, 0.00
-6, 99.78, 0.00
-5, 99.91, 0.00
-4, 100.14, 0.00
-3, 101.90, 0.00
-2, 101.99, 0.00
-1, 103.65, 0.00
0, 102.86, 0.00
-29, 104.11, 0.00
-28, 103.18, 0.00
-27, 104.92, 0.00
-26, 103.82, 0.00
-25, 105.14, 0.00
-24, 103.60, 0.00
-23, 104.63, 0.00
-22, 103.49, 0.00
-21, 104.56, 0.00
-20, 103.58, 0.00
-19, 104.81, 0.00
-18, 103.98, 0.00
-17, 105.23, 0.00
-16, 105.12, 0.00
-15, 105.61, 0.00
-14, 105.25, 0.00
-13, 105.34, 0.00
-12, 105.08, 0.00
-11, 104.81, 0.00
-10, 105.30, 0.00
-9, 104.76, 0.00
-8, 105.84, 0.00
-7, 104.90, 0.00
-6, 106.06, 0.00
-5, 105.19, 0.00
-4, 106.06, 0.00
-3, 104.90, 0.00
-2, 105.95, 0.00
-1, 104.63, 0.00
0, 106.01, 0.00
-29, 105.19, 0.00
-28, 106.68, 0.00
-27, 105.70, 0.00
-26, 106.48, 0.00
-25, 105.70, 0.00
-24, 106.51, 0.00
-23, 105.63, 0.00
-22, 106.24, 0.00
-21, 105.48, 0.00
-20, 106.35, 0.00
-19, 106.33, 0.00
-18, 106.39, 0.00
-17, 107.62, 0.00
-16, 107.40, 0.00
-15, 107.91, 0.00
-14, 108.05, 0.00
-13, 108.85, 0.00
-12, 108.32, 0.00
-11, 109.86, 0.00
-10, 109.17, 0.00
-9, 110.19, 0.00
-8, 108.76, 0.00
-7, 110.24, 0.00
-6, 109.30, 0.00
-5, 110.89, 0.00
-4, 109.77, 0.00
-3, 111.09, 0.00
-2, 110.69, 0.00
-1, 112.45, 0.00
0, 111.96, 0.00
-29, 112.36, 0.00
-28, 111.58, 0.00
-27, 112.56, 0.00
-26, 113.06, 0.00
-25, 113.77, 0.00
-24, 113.99, 0.00
-23, 113.57, 0.00
-22, 113.97, 0.00
-21, 113.84, 0.00
-20, 115.33, 0.00
-19, 115.16, 0.00
-18, 116.36, 0.00
-17, 116.16, 0.00
-16, 118.11, 0.00
-15, 117.35, 0.00
-14, 119.18, 0.00
-13, 118.58, 0.00
-12, 119.87, 0.00
-11, 118.53, 0.00
-10, 119.60, 0.00
-9, 118.49, 0.00
-8, 119.72, 0.00
-7, 119.20, 0.00
-6, 120.03, 0.00
-5, 119.34, 0.00
-4, 120.34, 0.00
-3, 120.14, 0.00
-2, 120.59, 0.00
-1, 120.54, 0.00
0, 120.14, 0.00
-29, 119.72, 0.00
-28, 119.31, 0.00
-27, 119.67, 0.00
-26, 118.49, 0.00
-25, 119.05, 0.00
-24, 118.11, 0.00
-23, 119.20, 0.00
-22, 118.31, 0.00
-21, 120.25, 0.00
-20, 119.22, 0.00
-19, 120.50, 0.00
-18, 119.74, 0.00
-17, 120.81, 0.00
-16, 119.67, 0.00
-15, 121.35, 0.00
-14, 120.63, 0.00
-13, 122.15, 0.00
-12, 122.42, 0.00
-11, 123.34, 0.00
-10, 122.96, 0.00
-9, 123.02, 0.00
-8, 122.51, 0.00
-7, 122.15, 0.00
-6, 121.75, 0.00
-5, 121.33, 0.00
-4, 121.77, 0.00
-3, 121.03, 0.00
-2, 121.64, 0.00
-1, 120.61, 0.00
0, 121.39, 0.00
-29, 120.16, 0.00
-28, 121.62, 0.00
-27, 120.30, 0.00
-26, 121.66, 0.00
-25, 121.08, 0.00
-24, 122.82, 0.00
-23, 122.00, 0.00
-22, 123.49, 0.00
-21, 121.88, 0.00
-20, 122.67, 0.00
-19, 121.77, 0.00
-18, 121.88, 0.00
-17, 120.92, 0.00
-16, 121.41, 0.00
-15, 120.92, 0.00
-14, 121.53, 0.00
-13, 121.91, 0.00
-12, 121.55, 0.00
-11, 121.82, 0.00
-10, 121.86, 0.00
-9, 122.93, 0.00
-8, 122.09, 0.00
-7, 122.98, 0.00
-6, 121.82, 0.00
-5, 122.80, 0.00
-4, 122.09, 0.00
-3, 124.19, 0.00
-2, 123.52, 0.00
-1, 124.54, 0.00
0, 122.82, 0.00
-29, 123.67, 0.00
-28, 122.24, 0.00
-27, 123.92, 0.00
-26, 122.98, 0.00
-25, 123.56, 0.00
-24, 122.33, 0.00
-23, 122.42, 0.00
-22, 121.30, 0.00
-21, 121.50, 0.00
-20, 120.95, 0.00
-19, 120.36, 0.00
-18, 121.33, 0.00
-17, 120.95, 0.00
-16, 121.77, 0.00
-15, 121.37, 0.00
-14, 121.77, 0.00
-13, 121.06, 0.00
-12, 121.77, 0.00
-11, 120.65, 0.00
-10, 121.55, 0.00
-9, 120.43, 0.00
-8, 121.64, 0.00
-7, 120.03, 0.00
-6, 121.19, 0.00
-5, 120.39, 0.00
-4, 121.19, 0.00
-3, 120.74, 0.00
-2, 121.68, 0.00
-1, 120.90, 0.00
0, 122.31, 0.00
-29, 121.73, 0.00
-28, 122.44, 0.00
-27, 122.31, 0.00
-26, 122.58, 0.00
-25, 122.71, 0.00
-24, 122.69, 0.00
-23, 122.96, 0.00
-22, 121.64, 0.00
-21, 121.10, 0.00
-20, 119.63, 0.00
-19, 119.74, 0.00
-18, 118.44, 0.00
-17, 119.94, 0.00
-16, 118.69, 0.00
-15, 119.78, 0.00
-14, 118.11, 0.00
-13, 118.84, 0.00
-12, 117.23, 0.00
-11, 118.31, 0.00
-10, 117.37, 0.00
-9, 118.29, 0.00
-8, 117.79, 0.00
-7, 118.29, 0.00
-6, 117.48, 0.00
-5, 117.99, 0.00
-4, 117.95, 0.00
-3, 118.15, 0.00
-2, 117.82, 0.00
-1, 117.44, 0.00
0, 117.48, 0.00
-29, 116.92, 0.00
-28, 117.68, 0.00
-27, 117.17, 0.00
-26, 118.31, 0.00
-25, 117.64, 0.00
-24, 118.69, 0.00
-23, 117.23, 0.00
-22, 117.46, 0.00
-21, 115.51, 0.00
-20, 115.96, 0.00
-19, 114.66, 0.00
-18, 115.89, 0.00
-17, 115.16, 0.00
-16, 116.68, 0.00
-15, 115.58, 0.00
-14, 116.16, 0.00
-13, 114.93, 0.00
-12, 115.89, 0.00
-11, 116.09, 0.00
-10, 117.06, 0.00
-9, 116.99, 0.00
-8, 116.83, 0.00
-7, 117.06, 0.00
-6, 116.72, 0.00
-5, 117.41, 0.00
-4, 116.81, 0.00
-3, 117.21, 0.00
-2, 116.56, 0.00
-1, 117.82, 0.00
0, 116.34, 0.00
-29, 117.01, 0.00
-28, 115.36, 0.00
-27, 116.30, 0.00
-26, 115.16, 0.00
-25, 116.52, 0.00
-24, 115.49, 0.00
-23, 116.88, 0.00
-22, 115.58, 0.00
-21, 116.72, 0.00
-20, 115.92, 0.00
-19, 116.41, 0.00
-18, 116.03, 0.00
-17, 117.44, 0.00
-16, 116.74, 0.00
-15, 116.41, 0.00
-14, 116.34, 0.00
-13, 116.01, 0.00
-12, 116.12, 0.00
-11, 115.71, 0.00
-10, 116.36, 0.00
-9, 115.36, 0.00
-8, 115.56, 0.00
-7, 114.35, 0.00
-6, 115.16, 0.00
-5, 113.82, 0.00
-4, 114.87, 0.00
-3, 113.70, 0.00
-2, 115.27, 0.00
-1, 113.90, 0.00
0, 115.58, 0.00
-29, 114.80, 0.00
-28, 115.22, 0.00
-27, 113.32, 0.00
-26, 113.90, 0.00
-25, 113.30, 0.00
-24, 113.93, 0.00
-23, 113.35, 0.00
-22, 113.70, 0.00
-21, 113.61, 0.00
-20, 113.93, 0.00
-19, 114.78, 0.00
-18, 114.46, 0.00
-17, 115.04, 0.00
-16, 114.37, 0.00
-15, 115.54, 0.00
-14, 114.87, 0.00
-13, 116.09, 0.00
-12, 115.13, 0.00
-11, 116.68, 0.00
-10, 115.36, 0.00
-9, 116.54, 0.00
-8, 115.27, 0.00
-7, 116.36, 0.00
-6, 115.33, 0.00
-5, 116.03, 0.00
-4, 114.55, 0.00
-3, 115.18, 0.00
-2, 114.11, 0.00
-1, 114.60, 0.00
0, 114.15, 0.00
-29, 114.64, 0.00
-28, 114.26, 0.00
-27, 114.13, 0.00
-26, 114.51, 0.00
-25, 114.20, 0.00
-24, 113.88, 0.00
-23, 112.92, 0.00
-22, 113.50, 0.00
-21, 112.00, 0.00
-20, 113.28, 0.00
-19, 112.65, 0.00
-18, 113.82, 0.00
-17, 112.45, 0.00
-16, 113.93, 0.00
-15, 112.81, 0.00
-14, 113.37, 0.00
-13, 111.07, 0.00
-12, 111.62, 0.00
-11, 110.15, 0.00
-10, 111.71, 0.00
-9, 111.22, 0.00
-8, 112.45, 0.00
-7, 111.89, 0.00
-6, 112.97, 0.00
-5, 113.03, 0.00
-4, 114.06, 0.00
-3, 114.73, 0.00
-2, 115.09, 0.00
-1, 115.51, 0.00
0, 115.02, 0.00
-29, 114.91, 0.00
-28, 113.82, 0.00
-27, 114.93, 0.00
-26, 114.28, 0.00
-25, 115.54, 0.00
-24, 114.31, 0.00
-23, 115.45, 0.00
-22, 113.97, 0.00
-21, 114.96, 0.00
-20, 112.85, 0.00
-19, 113.70, 0.00
-18, 112.18, 0.00
-17, 113.50, 0.00
-16, 112.36, 0.00
-15, 113.23, 0.00
-14, 111.89, 0.00
-13, 112.18, 0.00
-12, 111.27, 0.00
-11, 111.60, 0.00
-10, 111.11, 0.00
-9, 110.89, 0.00
-8, 110.89, 0.00
-7, 110.42, 0.00
-6, 110.60, 0.00
-5, 109.43, 0.00
-4, 109.93, 0.00
-3, 108.65, 0.00
-2, 109.52, 0.00
-1, 108.63, 0.00
0, 109.72, 0.00
-29, 107.85, 0.00
-28, 108.63, 0.00
-27, 107.02, 0.00
-26, 108.09, 0.00
-25, 107.78, 0.00
-24, 106.46, 0.00
-23, 107.27, 0.00
-22, 106.66, 0.00
-21, 107.53, 0.00
-20, 106.64, 0.00
-19, 107.06, 0.00
-18, 106.30, 0.00
-17, 106.19, 0.00
-16, 105.90, 0.00
-15, 105.63, 0.00
-14, 106.28, 0.00
-13, 105.61, 0.00
-12, 105.99, 0.00
-11, 105.66, 0.00
-10, 106.80, 0.00
-9, 106.46, 0.00
-8, 108.14, 0.00
-7, 107.42, 0.00
-6, 108.23, 0.00
-5, 106.35, 0.00
-4, 107.51, 0.00
-3, 106.15, 0.00
-2, 107.22, 0.00
-1, 106.33, 0.00
0, 108.07, 0.00
-29, 106.93, 0.00
-28, 108.14, 0.00
-27, 108.05, 0.00
-26, 108.65, 0.00
-25, 108.25, 0.00
-24, 108.32, 0.00
-23, 108.09, 0.00
-22, 108.00, 0.00
-21, 108.52, 0.00
-20, 107.85, 0.00
-19, 108.09, 0.00
-18, 107.18, 0.00
-17, 107.60, 0.00
-16, 106.60, 0.00
-15, 107.94, 0.00
-14, 106.60, 0.00
-13, 107.69, 0.00
-12, 106.48, 0.00
-11, 107.62, 0.00
-10, 106.17, 0.00
-9, 107.80, 0.00
-8, 106.55, 0.00
-7, 107.98, 0.00
-6, 106.91, 0.00
-5, 108.23, 0.00
-4, 107.24, 0.00
-3, 108.27, 0.00
-2, 107.33, 0.00
-1, 107.82, 0.00
0, 107.65, 0.00
-29, 107.76, 0.00
-28, 107.67, 0.00
-27, 107.38, 0.00
-26, 107.80, 0.00
-25, 107.36, 0.00
-24, 108.09, 0.00
-23, 107.04, 0.00
-22, 105.37, 0.00
-21, 106.48, 0.00
-20, 105.32, 0.00
-19, 106.48, 0.00
-18, 104.99, 0.00
-17, 105.43, 0.00
-16, 103.85, 0.00
-15, 104.36, 0.00
-14, 103.02, 0.00
-13, 104.45, 0.00
-12, 103.60, 0.00
-11, 104.85, 0.00
-10, 104.34, 0.00
-9, 104.85, 0.00
-8, 104.07, 0.00
-7, 102.55, 0.00
-6, 101.61, 0.00
-5, 100.47, 0.00
-4, 100.25, 0.00
-3, 100.65, 0.00
-2, 101.21, 0.00
-1, 102.28, 0.00
0, 103.31, 0.00
-29, 103.00, 0.00
-28, 104.36, 0.00
-27, 103.53, 0.00
-26, 104.72, 0.00
-25, 103.78, 0.00
-24, 105.57, 0.00
-23, 104.18, 0.00
-22, 105.23, 0.00
-21, 103.51, 0.00
-20, 103.78, 0.00
-19, 102.53, 0.00
-18, 103.78, 0.00
-17, 103.65, 0.00
-16, 104.27, 0.00
-15, 104.11, 0.00
-14, 104.09, 0.00
-13, 104.11, 0.00
-12, 103.82, 0.00
-11, 104.29, 0.00
-10, 104.14, 0.00
-9, 104.61, 0.00
-8, 104.00, 0.00
-7, 104.92, 0.00
-6, 103.47, 0.00
-5, 104.72, 0.00
-4, 103.62, 0.00
-3, 105.79, 0.00
-2, 105.01, 0.00
-1, 106.82, 0.00
0, 105.46, 0.00
-29, 106.51, 0.00
-28, 105.28, 0.00
-27, 106.04, 0.00
-26, 105.39, 0.00
-25, 106.44, 0.00
-24, 105.95, 0.00
-23, 106.73, 0.00
-22, 106.46, 0.00
-21, 106.68, 0.00
-20, 106.84, 0.00
-19, 106.91, 0.00
-18, 106.84, 0.00
-17, 105.68, 0.00
-16, 105.84, 0.00
-15, 104.25, 0.00
-14, 104.96, 0.00
-13, 103.76, 0.00
-12, 104.16, 0.00
-11, 102.93, 0.00
-10, 104.16, 0.00
-9, 103.09, 0.00
-8, 104.23, 0.00
-7, 102.86, 0.00
-6, 104.03, 0.00
-5, 103.18, 0.00
-4, 104.45, 0.00
-3, 103.65, 0.00
-2, 104.27, 0.00
-1, 103.35, 0.00
0, 103.91, 0.00
-29, 103.44, 0.00
-28, 103.78, 0.00
-27, 103.80, 0.00
-26, 104.43, 0.00
-25, 105.70, 0.00
-24, 105.50, 0.00
-23, 105.75, 0.00
-22, 106.60, 0.00
-21, 105.66, 0.00
-20, 106.73, 0.00
-19, 105.61, 0.00
-18, 106.86, 0.00
-17, 105.50, 0.00
-16, 106.82, 0.00
-15, 104.56, 0.00
-14, 105.23, 0.00
-13, 103.94, 0.00
-12, 104.83, 0.00
-11, 103.73, 0.00
-10, 104.47, 0.00
-9, 103.51, 0.00
-8, 104.05, 0.00
-7, 103.51, 0.00
-6, 103.91, 0.00
-5, 103.44, 0.00
-4, 103.09, 0.00
-3, 102.68, 0.00
-2, 102.84, 0.00
-1, 103.27, 0.00
0, 102.89, 0.00
-29, 103.69, 0.00
-28, 102.53, 0.00
-27, 102.97, 0.00
-26, 101.77, 0.00
-25, 102.97, 0.00
-24, 101.79, 0.00
-23, 103.13, 0.00
-22, 101.72, 0.00
-21, 102.93, 0.00
-20, 101.70, 0.00
-19, 102.53, 0.00
-18, 101.63, 0.00
-17, 103.11, 0.00
-16, 103.00, 0.00
-15, 104.25, 0.00
-14, 103.56, 0.00
-13, 104.14, 0.00
-12, 103.78, 0.00
-11, 103.89, 0.00
-10, 103.60, 0.00
-9, 103.33, 0.00
-8, 103.40, 0.00
-7, 102.89, 0.00
-6, 103.73, 0.00
-5, 102.68, 0.00
-4, 103.02, 0.00
-3, 101.28, 0.00
-2, 101.52, 0.00
-1, 100.47, 0.00
0, 101.43, 0.00
-29, 100.07, 0.00
-28, 101.77, 0.00
-27, 100.72, 0.00
-26, 101.90, 0.00
-25, 100.69, 0.00
-24, 102.06, 0.00
-23, 101.07, 0.00
-22, 101.90, 0.00
-21, 101.59, 0.00
-20, 102.17, 0.00
-19, 101.52, 0.00
-18, 101.88, 0.00
-17, 101.86, 0.00
-16, 101.92, 0.00
-15, 102.64, 0.00
-14, 102.42, 0.00
-13, 103.22, 0.00
-12, 103.33, 0.00
-11, 104.47, 0.00
-10, 104.16, 0.00
-9, 105.81, 0.00
-8, 104.74, 0.00
-7, 105.84, 0.00
-6, 104.85, 0.00
-5, 106.28, 0.00
-4, 105.16, 0.00
-3, 106.71, 0.00
-2, 105.52, 0.00
-1, 106.77, 0.00
0, 105.92, 0.00
-29, 106.89, 0.00
-28, 106.15, 0.00
-27, 106.26, 0.00
-26, 105.34, 0.00
-25, 105.68, 0.00
-24, 105.23, 0.00
-23, 105.32, 0.00
-22, 104.56, 0.00
-21, 103.69, 0.00
-20, 103.85, 0.00
-19, 103.11, 0.00
-18, 104.18, 0.00
-17, 103.18, 0.00
-16, 103.67, 0.00
-15, 102.28, 0.00
-14, 103.58, 0.00
-13, 102.51, 0.00
-12, 104.16, 0.00
-11, 102.84, 0.00
-10, 104.07, 0.00
-9, 102.93, 0.00
-8, 104.34, 0.00
-7, 103.24, 0.00
-6, 104.58, 0.00
-5, 103.69, 0.00
-4, 104.34, 0.00
-3, 103.58, 0.00
-2, 104.58, 0.00
-1, 104.07, 0.00
0, 103.91, 0.00
-29, 103.91, 0.00
-28, 104.00, 0.00
-27, 103.73, 0.00
-26, 104.14, 0.00
-25, 104.58, 0.00
-24, 103.76, 0.00
-23, 104.76, 0.00
-22, 103.56, 0.00
-21, 104.70, 0.00
-20, 103.71, 0.00
-19, 104.43, 0.00
-18, 102.80, 0.00
-17, 103.98, 0.00
-16, 101.52, 0.00
-15, 102.15, 0.00
-14, 100.49, 0.00
-13, 101.05, 0.00
-12, 99.20, 0.00
-11, 100.18, 0.00
-10, 99.24, 0.00
-9, 99.87, 0.00
-8, 99.22, 0.00
-7, 99.26, 0.00
-6, 98.95, 0.00
-5, 98.82, 0.00
-4, 98.68, 0.00
-3, 97.99, 0.00
-2, 98.19, 0.00
-1, 96.74, 0.00
0, 97.30, 0.00
-29, 96.31, 0.00
-28, 97.41, 0.00
-27, 96.25, 0.00
-26, 96.74, 0.00
-25, 94.99, 0.00
-24, 96.07, 0.00
-23, 94.57, 0.00
-22, 95.93, 0.00
-21, 94.39, 0.00
-20, 95.35, 0.00
-19, 94.46, 0.00
-18, 95.60, 0.00
-17, 95.44, 0.00
-16, 96.40, 0.00
-15, 95.42, 0.00
-14, 95.73, 0.00
-13, 95.17, 0.00
-12, 95.15, 0.00
-11, 94.82, 0.00
-10, 94.75, 0.00
-9, 95.33, 0.00
-8, 95.37, 0.00
-7, 96.43, 0.00
-6, 96.13, 0.00
-5, 97.63, 0.00
-4, 97.03, 0.00
-3, 98.68, 0.00
-2, 97.74, 0.00
-1, 99.51, 0.00
0, 98.66, 0.00
-29, 99.98, 0.00
-28, 98.44, 0.00
-27, 99.15, 0.00
-26, 97.74, 0.00
-25, 98.86, 0.00
-24, 97.54, 0.00
-23, 98.37, 0.00
-22, 97.39, 0.00
-21, 98.10, 0.00
-20, 98.33, 0.00
-19, 99.24, 0.00
-18, 99.20, 0.00
-17, 99.11, 0.00
-16, 99.87, 0.00
-15, 99.93, 0.00
-14, 100.56, 0.00
-13, 101.16, 0.00
-12, 100.47, 0.00
-11, 101.43, 0.00
-10, 99.93, 0.00
-9, 100.81, 0.00
-8, 99.58, 0.00
-7, 100.76, 0.00
-6, 99.44, 0.00
-5, 101.07, 0.00
-4, 100.47, 0.00
-3, 101.88, 0.00
-2, 101.30, 0.00
-1, 102.42, 0.00
0, 100.74, 0.00
-29, 101.16, 0.00
-28, 100.54, 0.00
-27, 100.94, 0.00
-26, 101.01, 0.00
-25, 101.37, 0.00
-24, 101.79, 0.00
-23, 102.04, 0.00
-22, 102.33, 0.00
-21, 101.77, 0.00
-20, 102.44, 0.00
-19, 101.90, 0.00
-18, 103.24, 0.00
-17, 102.44, 0.00
-16, 103.69, 0.00
-15, 103.02, 0.00
-14, 104.43, 0.00
-13, 103.29, 0.00
-12, 104.94, 0.00
-11, 103.35, 0.00
-10, 104.61, 0.00
-9, 103.56, 0.00
-8, 105.16, 0.00
-7, 104.16, 0.00
-6, 105.05, 0.00
-5, 104.40, 0.00
-4, 104.81, 0.00
-3, 104.43, 0.00
-2, 104.27, 0.00
-1, 103.89, 0.00
0, 103.56, 0.00
-29, 103.35, 0.00
-28, 103.22, 0.00
-27, 103.96, 0.00
-26, 103.76, 0.00
-25, 105.12, 0.00
-24, 104.94, 0.00
-23, 106.06, 0.00
-22, 105.05, 0.00
-21, 106.48, 0.00
-20, 105.63, 0.00
-19, 107.24, 0.00
-18, 106.06, 0.00
-17, 106.75, 0.00
-16, 104.72, 0.00
-15, 106.10, 0.00
-14, 105.12, 0.00
-13, 105.90, 0.00
-12, 104.70, 0.00
-11, 104.76, 0.00
-10, 104.09, 0.00
-9, 104.27, 0.00
-8, 103.76, 0.00
-7, 103.87, 0.00
-6, 103.47, 0.00
-5, 103.22, 0.00
-4, 104.36, 0.00
-3, 103.73, 0.00
-2, 104.81, 0.00
-1, 103.80, 0.00
0, 104.83, 0.00
-29, 103.47, 0.00
-28, 104.56, 0.00
-27, 102.97, 0.00
-26, 104.20, 0.00
-25, 102.55, 0.00
-24, 103.40, 0.00
-23, 101.88, 0.00
-22, 102.42, 0.00
-21, 101.05, 0.00
-20, 102.30, 0.00
-19, 101.59, 0.00
-18, 101.88, 0.00
-17, 101.01, 0.00
-16, 101.21, 0.00
-15, 100.65, 0.00
-14, 101.21, 0.00
-13, 101.48, 0.00
-12, 101.37, 0.00
-11, 101.63, 0.00
-10, 100.99, 0.00
-9, 101.88, 0.00
-8, 100.94, 0.00
-7, 102.37, 0.00
-6, 101.12, 0.00
-5, 102.19, 0.00
-4, 100.58, 0.00
-3, 101.43, 0.00
-2, 99.91, 0.00
-1, 101.12, 0.00
0, 99.60, 0.00
-29, 100.67, 0.00
-28, 99.44, 0.00
-27, 100.81, 0.00
-26, 100.05, 0.00
-25, 101.14, 0.00
-24, 100.16, 0.00
-23, 100.78, 0.00
-22, 100.25, 0.00
-21, 100.76, 0.00
-20, 100.34, 0.00
-19, 99.67, 0.00
-18, 99.89, 0.00
-17, 98.15, 0.00
-16, 98.48, 0.00
-15, 97.48, 0.00
-14, 98.19, 0.00
-13, 97.48, 0.00
-12, 98.75, 0.00
-11, 98.10, 0.00
-10, 99.24, 0.00
-9, 97.59, 0.00
-8, 99.02, 0.00
-7, 97.39, 0.00
-6, 98.50, 0.00
-5, 97.27, 0.00
-4, 98.77, 0.00
-3, 97.63, 0.00
-2, 98.91, 0.00
-1, 98.37, 0.00
0, 99.55, 0.00
-29, 99.78, 0.00
-28, 100.23, 0.00
-27, 100.09, 0.00
-26, 99.69, 0.00
-25, 99.15, 0.00
-24, 98.73, 0.00
-23, 99.20, 0.00
-22, 98.88, 0.00
-21, 99.35, 0.00
-20, 98.50, 0.00
-19, 99.53, 0.00
-18, 98.57, 0.00
-17, 100.20, 0.00
-16, 99.31, 0.00
-15, 101.03, 0.00
-14, 99.71, 0.00
-13, 100.78, 0.00
-12, 99.82, 0.00
-11, 100.65, 0.00
-10, 99.49, 0.00
-9, 101.14, 0.00
-8, 100.45, 0.00
-7, 101.37, 0.00
-6, 101.30, 0.00
-5, 102.13, 0.00
-4, 102.24, 0.00
-3, 102.95, 0.00
-2, 103.09, 0.00
-1, 103.04, 0.00
0, 103.44, 0.00
-29, 103.35, 0.00
-28, 104.65, 0.00
-27, 104.47, 0.00
-26, 105.57, 0.00
-25, 104.16, 0.00
-24, 104.78, 0.00
-23, 103.27, 0.00
-22, 104.56, 0.00
-21, 103.65, 0.00
-20, 104.96, 0.00
-19, 103.49, 0.00
-18, 104.38, 0.00
-17, 103.02, 0.00
-16, 104.18, 0.00
-15, 102.91, 0.00
-14, 104.38, 0.00
-13, 104.36, 0.00
-12, 105.88, 0.00
-11, 106.53, 0.00
-10, 107.36, 0.00
-9, 107.09, 0.00
-8, 107.22, 0.00
-7, 107.06, 0.00
-6, 106.55, 0.00
-5, 106.71, 0.00
-4, 105.41, 0.00
-3, 106.01, 0.00
-2, 105.25, 0.00
-1, 106.77, 0.00
0, 105.68, 0.00
-29, 107.15, 0.00
-28, 105.99, 0.00
-27, 106.84, 0.00
-26, 105.16, 0.00
-25, 105.92, 0.00
-24, 104.34, 0.00
-23, 105.41, 0.00
-22, 105.03, 0.00
-21, 106.42, 0.00
-20, 105.54, 0.00
-19, 106.06, 0.00
-18, 104.43, 0.00
-17, 104.52, 0.00
-16, 103.98, 0.00
-15, 104.00, 0.00
-14, 104.29, 0.00
-13, 103.76, 0.00
-12, 103.69, 0.00
-11, 102.82, 0.00
-10, 103.58, 0.00
-9, 102.59, 0.00
-8, 103.85, 0.00
-7, 102.21, 0.00
-6, 102.86, 0.00
-5, 101.32, 0.00
-4, 101.99, 0.00
-3, 100.65, 0.00
-2, 102.21, 0.00
-1, 101.07, 0.00
0, 102.48, 0.00
-29, 101.16, 0.00
-28, 101.86, 0.00
-27, 100.23, 0.00
-26, 100.74, 0.00
-25, 99.89, 0.00
-24, 100.00, 0.00
-23, 99.42, 0.00
-22, 99.11, 0.00
-21, 98.93, 0.00
-20, 98.41, 0.00
-19, 98.53, 0.00
-18, 98.37, 0.00
-17, 98.75, 0.00
-16, 98.19, 0.00
-15, 98.97, 0.00
-14, 97.41, 0.00
-13, 98.08, 0.00
-12, 96.96, 0.00
-11, 98.39, 0.00
-10, 97.27, 0.00
-9, 97.86, 0.00
-8, 96.18, 0.00
-7, 97.41, 0.00
-6, 96.38, 0.00
-5, 97.41, 0.00
-4, 96.29, 0.00
-3, 96.20, 0.00
-2, 94.95, 0.00
-1, 95.73, 0.00
0, 95.26, 0.00
-29, 95.62, 0.00
-28, 94.91, 0.00
-27, 94.82, 0.00
-26, 95.29, 0.00
-25, 95.26, 0.00
-24, 95.73, 0.00
-23, 94.97, 0.00
-22, 95.20, 0.00
-21, 94.70, 0.00
-20, 95.55, 0.00
-19, 94.84, 0.00
-18, 94.53, 0.00
-17, 95.46, 0.00
-16, 94.57, 0.00
-15, 96.25, 0.00
-14, 94.75, 0.00
-13, 95.82, 0.00
-12, 94.41, 0.00
-11, 95.29, 0.00
-10, 93.99, 0.00
-9, 94.86, 0.00
-8, 94.26, 0.00
-7, 94.68, 0.00
-6, 94.48, 0.00
-5, 95.31, 0.00
-4, 95.71, 0.00
-3, 95.89, 0.00
-2, 96.27, 0.00
-1, 95.44, 0.00
0, 95.24, 0.00
-29, 96.49, 0.00
-28, 95.69, 0.00
-27, 96.69, 0.00
-26, 95.33, 0.00
-25, 96.54, 0.00
-24, 95.40, 0.00
-23, 97.48, 0.00
-22, 96.25, 0.00
-21, 97.14, 0.00
-20, 96.20, 0.00
-19, 96.83, 0.00
-18, 95.58, 0.00
-17, 96.25, 0.00
-16, 95.37, 0.00
-15, 96.72, 0.00
-14, 96.54, 0.00
-13, 97.03, 0.00
-12, 97.19, 0.00
-11, 96.85, 0.00
-10, 96.78, 0.00
-9, 96.83, 0.00
-8, 97.79, 0.00
-7, 98.08, 0.00
-6, 99.42, 0.00
-5, 98.75, 0.00
-4, 99.78, 0.00
-3, 98.30, 0.00
-2, 99.26, 0.00
-1, 98.48, 0.00
0, 100.05, 0.00
-29, 98.44, 0.00
-28, 99.85, 0.00
-27, 98.75, 0.00
-26, 99.69, 0.00
-25, 98.30, 0.00
-24, 98.64, 0.00
-23, 97.68, 0.00
-22, 98.64, 0.00
-21, 98.53, 0.00
-20, 99.49, 0.00
-19, 99.31, 0.00
-18, 99.09, 0.00
-17, 99.02, 0.00
-16, 98.88, 0.00
-15, 99.51, 0.00
-14, 99.24, 0.00
-13, 99.89, 0.00
-12, 99.00, 0.00
-11, 99.73, 0.00
-10, 98.57, 0.00
-9, 99.69, 0.00
-8, 98.68, 0.00
-7, 99.55, 0.00
-6, 98.35, 0.00
-5, 99.64, 0.00
-4, 98.66, 0.00
-3, 100.20, 0.00
-2, 99.49, 0.00
-1, 100.09, 0.00
0, 98.41, 0.00
-29, 98.62, 0.00
-28, 97.63, 0.00
-27, 98.08, 0.00
-26, 97.74, 0.00
-25, 98.17, 0.00
-24, 97.88, 0.00
-23, 97.57, 0.00
-22, 97.16, 0.00
-21, 96.85, 0.00
-20, 97.61, 0.00
-19, 96.83, 0.00
-18, 98.30, 0.00
-17, 97.30, 0.00
-16, 98.10, 0.00
-15, 96.29, 0.00
-14, 97.27, 0.00
-13, 95.62, 0.00
-12, 96.92, 0.00
-11, 95.64, 0.00
-10, 97.01, 0.00
-9, 95.78, 0.00
-8, 97.36, 0.00
-7, 95.78, 0.00
-6, 96.92, 0.00
-5, 95.51, 0.00
-4, 95.51, 0.00
-3, 93.85, 0.00
-2, 93.52, 0.00
-1, 92.54, 0.00
0, 91.89, 0.00
-29, 91.64, 0.00
-28, 91.17, 0.00
-27, 91.33, 0.00
-26, 89.30, 0.00
-25, 89.56, 0.00
-24, 88.29, 0.00
-23, 88.71, 0.00
-22, 87.73, 0.00
-21, 88.98, 0.00
-20, 87.04, 0.00
-19, 87.91, 0.00
-18, 86.72, 0.00
-17, 87.86, 0.00
-16, 86.28, 0.00
-15, 87.08, 0.00
-14, 85.54, 0.00
-13, 86.32, 0.00
-12, 85.16, 0.00
-11, 85.56, 0.00
-10, 84.49, 0.00
-9, 84.56, 0.00
-8, 84.38, 0.00
-7, 84.56, 0.00
-6, 84.58, 0.00
-5, 83.66, 0.00
-4, 83.84, 0.00
-3, 83.37, 0.00
-2, 84.20, 0.00
-1, 83.08, 0.00
0, 84.06, 0.00
-29, 82.68, 0.00
-28, 82.14, 0.00
-27, 83.19, 0.00
-26, 81.63, 0.00
-25, 82.12, 0.00
-24, 80.76, 0.00
-23, 81.43, 0.00
-22, 79.93, 0.00
-21, 80.76, 0.00
-20, 79.80, 0.00
-19, 81.34, 0.00
-18, 80.94, 0.00
-17, 81.47, 0.00
-16, 81.38, 0.00
-15, 81.63, 0.00
-14, 82.03, 0.00
-13, 82.57, 0.00
-12, 83.15, 0.00
-11, 82.34, 0.00
-10, 82.68, 0.00
-9, 81.43, 0.00
-8, 82.28, 0.00
-7, 81.54, 0.00
-6, 82.70, 0.00
-5, 81.41, 0.00
-4, 82.99, 0.00
-3, 81.79, 0.00
-2, 83.37, 0.00
-1, 82.52, 0.00
0, 84.20, 0.00
-29, 82.97, 0.00
-28, 83.95, 0.00
-27, 83.13, 0.00
-26, 83.98, 0.00
-25, 83.39, 0.00
-24, 84.13, 0.00
-23, 83.98, 0.00
-22, 83.86, 0.00
-21, 83.19, 0.00
-20, 82.97, 0.00
-19, 82.34, 0.00
-18, 81.47, 0.00
-17, 81.63, 0.00
-16, 80.98, 0.00
-15, 80.98, 0.00
-14, 79.89, 0.00
-13, 80.49, 0.00
-12, 78.92, 0.00
-11, 80.06, 0.00
-10, 79.26, 0.00
-9, 81.16, 0.00
-8, 80.24, 0.00
-7, 82.30, 0.00
-6, 80.94, 0.00
-5, 81.94, 0.00
-4, 80.76, 0.00
-3, 81.85, 0.00
-2, 80.40, 0.00
-1, 81.20, 0.00
0, 80.33, 0.00
-29, 80.58, 0.00
-28, 80.06, 0.00
-27, 80.65, 0.00
-26, 80.56, 0.00
-25, 80.67, 0.00
-24, 81.29, 0.00
-23, 80.51, 0.00
-22, 80.96, 0.00
-21, 79.66, 0.00
-20, 80.38, 0.00
-19, 78.81, 0.00
-18, 79.86, 0.00
-17, 78.81, 0.00
-16, 80.18, 0.00
-15, 79.13, 0.00
-14, 80.29, 0.00
-13, 78.81, 0.00
-12, 79.64, 0.00
-11, 78.32, 0.00
-10, 79.37, 0.00
-9, 78.19, 0.00
-8, 79.44, 0.00
-7, 79.51, 0.00
-6, 78.81, 0.00
-5, 78.54, 0.00
-4, 78.12, 0.00
-3, 77.87, 0.00
-2, 77.56, 0.00
-1, 77.38, 0.00
0, 78.28, 0.00
